
time,npos,epos,alt,phi,theta,psi,vel,alpha,beta,p,q,r,nx,ny,nz,mach,qbar,ps,thrust,ele,ail,rud

 0.00000, 0.00000, 0.00000,10000.00000, 0.00000, 3.59734, 0.00000,500.00000, 3.59734, 0.00000, 0.00000, 0.00000, 0.00000,2080.91822,-2.25196,-0.00000,-0.00000, 0.00000, 0.00000,2080.91822,-2.25196,-0.00000,-0.00000,
 0.10000, 0.00000, 0.00000,10000.00000, 0.00000, 3.59734, 0.00000,500.00000, 3.59734, 0.00000, 0.00000, 0.00000, 0.00000,2080.91822,-2.25196,-0.00000,-0.00000, 0.00000, 0.00000,2080.91822,-2.25196,-0.00000,-0.00000,
 0.20000, 0.00000, 0.00000,10000.00000, 0.00000, 3.59734, 0.00000,500.00000, 3.59734, 0.00000, 0.00000, 0.00000, 0.00000,2080.91822,-2.25196,-0.00000,-0.00000, 0.00000, 0.00000,2080.91822,-2.25196,-0.00000,-0.00000,
 0.30000, 0.00000, 0.00000,10000.00000, 0.00000, 3.59734, 0.00000,500.00000, 3.59734, 0.00000, 0.00000, 0.00000, 0.00000,2080.91822,-2.25196,-0.00000,-0.00000, 0.00000, 0.00000,2080.91822,-2.25196,-0.00000,-0.00000,
 0.40000, 0.00000, 0.00000,10000.00000, 0.00000, 3.59734, 0.00000,500.00000, 3.59734, 0.00000, 0.00000, 0.00000, 0.00000,2080.91822,-2.25196,-0.00000,-0.00000, 0.00000, 0.00000,2080.91822,-2.25196,-0.00000,-0.00000,
 0.50000, 0.00000, 0.00000,10000.00000, 0.00000, 3.59734, 0.00000,500.00000, 3.59734, 0.00000, 0.00000, 0.00000, 0.00000,2080.91822,-2.25196,-0.00000,-0.00000, 0.00000, 0.00000,2080.91822,-2.25196,-0.00000,-0.00000,
 0.60000, 0.00000, 0.00000,10000.00000, 0.00000, 3.59734, 0.00000,500.00000, 3.59734, 0.00000, 0.00000, 0.00000, 0.00000,2080.91822,-2.25196,-0.00000,-0.00000, 0.00000, 0.00000,2080.91822,-2.25196,-0.00000,-0.00000,
 0.70000, 0.00000, 0.00000,10000.00000, 0.00000, 3.59734, 0.00000,500.00000, 3.59734, 0.00000, 0.00000, 0.00000, 0.00000,2080.91822,-2.25196,-0.00000,-0.00000, 0.00000, 0.00000,2080.91822,-2.25196,-0.00000,-0.00000,
 0.80000, 0.00000, 0.00000,10000.00000, 0.00000, 3.59734, 0.00000,500.00000, 3.59734, 0.00000, 0.00000, 0.00000, 0.00000,2080.91822,-2.25196,-0.00000,-0.00000, 0.00000, 0.00000,2080.91822,-2.25196,-0.00000,-0.00000,
 0.90000, 0.00000, 0.00000,10000.00000, 0.00000, 3.59734, 0.00000,500.00000, 3.59734, 0.00000, 0.00000, 0.00000, 0.00000,2080.91822,-2.25196,-0.00000,-0.00000, 0.00000, 0.00000,2080.91822,-2.25196,-0.00000,-0.00000,
 1.00000, 0.00000, 0.00000,10000.00000, 0.00000, 3.59734, 0.00000,500.00000, 3.59734, 0.00000, 0.00000, 0.00000, 0.00000,2080.91834,-2.25157, 0.00065,-0.00000, 0.00000, 0.00000,2080.91822, 7.74804,12.00000,12.00000,
 1.10000, 0.00236, 0.00984,10000.01365,-0.66264, 3.43518,-0.12449,500.06388, 3.39926, 0.11138,-16.72088,-4.19625,-3.22570,2080.95404,-2.13623, 0.09024, 0.00006, 0.05605,-0.00077,2080.91822, 7.74804,12.00000,12.00000,
 1.20000, 0.01512, 0.04904,10000.04904,-3.56482, 2.69770,-0.69543,500.20246, 2.66767, 0.52880,-40.34986,-10.55884,-8.18109,2080.94699,-2.15490,-0.15401, 0.00019, 0.17760,-0.00277,2080.91822, 7.74804,12.00000,12.00000,
 1.30000, 0.04551, 0.09759,10000.03252,-8.73889, 1.33975,-1.75023,500.42110, 1.42998, 1.24740,-61.30008,-16.47890,-12.76220,2080.92988,-2.20701,-0.51652, 0.00039, 0.36988,-0.00184,2080.91822, 7.74804,12.00000,12.00000,
 1.40000, 0.10300, 0.11030,9999.84852,-15.89539,-0.57170,-3.22668,500.74960,-0.21359, 2.20113,-79.61207,-21.61429,-16.56445,2080.90812,-2.27485,-0.94901, 0.00070, 0.65986, 0.00856,2080.91822, 7.74804,12.00000,12.00000,
 1.50000, 0.20004, 0.02552,9999.35835,-24.80823,-2.95605,-5.03927,501.21642,-2.16132, 3.30238,-96.12927,-25.93936,-19.45953,2080.88340,-2.35152,-1.42740, 0.00113, 1.07352, 0.03628,2080.91822, 7.74804,12.00000,-12.00000,
 1.60000, 0.35170,-0.24601,9998.40841,-35.50721,-5.73351,-6.93211,501.84546,-4.32002, 4.23624,-116.26879,-29.48313,-17.19438,2080.85680,-2.60033,-1.93283, 0.00171, 1.63292, 0.08998,2080.91822, 7.74804,12.00000,-12.00000,
 1.70000, 0.57519,-0.82459,9996.83629,-48.23760,-8.82816,-8.39089,502.65591,-6.60684, 4.49064,-135.86578,-32.29185,-11.78000,2080.82923,-2.63441,-2.44922, 0.00246, 2.35604, 0.17886,2080.91822, 7.74804,12.00000,-12.00000,
 1.80000, 0.88942,-1.79554,9994.47600,-62.66646,-12.16923,-9.28957,503.66252,-8.94954, 3.99280,-150.68375,-34.42137,-6.22369,2080.80145,-2.59763,-2.96292, 0.00339, 3.25698, 0.31230,2080.91822, 7.74804,12.00000,-12.00000,
 1.90000, 1.31459,-3.22825,9991.16231,-78.26716,-15.69187,-9.66151,504.87595,-11.28641, 2.82035,-159.91500,-35.93386,-1.35970,2080.77412,-2.51537,-3.46254, 0.00451, 4.34625, 0.49964,2080.91822, 7.74804,12.00000,-12.00000,
 2.00000, 1.87174,-5.18374,9986.73451,-94.48118,-19.33763,-9.60056,506.30322,-13.56599, 1.11089,-163.52590,-36.89526, 2.35600,2080.74777,-2.39943,-3.93887, 0.00583, 5.63114, 0.74997,2080.91822, 7.74804,12.00000,-0.00000,
 2.10000, 2.58249,-7.70819,9981.03929,-110.67890,-23.05480,-9.31905,507.94815,-15.74652,-0.85351,-159.47471,-37.37320, 2.51947,2080.72280,-2.17688,-4.38473, 0.00735, 7.11603, 1.07195,2080.91822, 7.74804,12.00000,-0.00000,
 2.20000, 3.46866,-10.83064,9973.93312,-126.19978,-26.79841,-9.18093,509.81173,-17.79533,-2.67429,-150.67900,-37.43520,-0.03284,2080.69955,-2.05064,-4.79477, 0.00907, 8.80281, 1.47369,2080.91822, 7.74804,12.00000,-0.00000,
 2.30000, 4.55208,-14.59601,9965.28398,-140.76372,-30.53018,-9.36742,511.89263,-19.68807,-4.16725,-140.22823,-37.14712,-3.85599,2080.67825,-1.95844,-5.16535, 0.01098,10.69120, 1.96268,2080.91822, 7.74804,12.00000,-0.00000,
 2.40000, 5.85432,-19.05615,9954.97248,-154.28972,-34.21827,-9.98055,514.18752,-21.40793,-5.23021,-129.59204,-36.57197,-8.48575,2080.65903,-1.89662,-5.49427, 0.01310,12.77911, 2.54564,2080.91822, 7.74804,12.00000,-0.00000,
 2.50000, 7.39656,-24.26705,9942.89265,-166.82120,-37.83698,-11.08255,516.69155,-22.94477,-5.80861,-119.89222,-35.76892,-13.55334,2080.64198,-1.86690,-5.78066, 0.01540,15.06298, 3.22857,2080.91822, 7.74804,12.00000,-0.00000,
 2.60000, 9.19940,-30.28945,9928.95217,-178.49990,-41.36629,-12.69904,519.39861,-24.29427,-5.89165,-112.01880,-34.79263,-18.69557,2080.62710,-1.86928,-6.02471, 0.01789,17.53810, 4.01670,2080.91822, 7.74804,12.00000,-0.00000,
 2.70000,11.28282,-37.18960,9913.07236,-189.54188,-44.79139,-14.82002,522.30175,-25.45707,-5.50952,-106.60837,-33.69271,-23.56904,2080.61436,-1.90127,-6.22755, 0.02056,20.19890, 4.91447,2080.91822, 7.74804,12.00000,-0.00000,
 2.80000,13.66604,-45.03967,9895.18777,-200.21119,-48.10219,-17.40312,525.39341,-26.43797,-4.72803,-104.02239,-32.51345,-27.87480,2080.60367,-1.95819,-6.39105, 0.02340,23.03917, 5.92557,2080.91822, 7.74804,12.00000,-0.00000,
 2.90000,16.36752,-53.91774,9875.24561,-210.79239,-51.29274,-20.37913,528.66570,-27.24510,-3.64078,-104.34457,-31.29365,-31.37936,2080.59493,-2.03364,-6.51765, 0.02640,26.05234, 7.05301,2080.91822, 7.74804,12.00000,-0.00000,
 3.00000,19.40493,-63.90730,9853.20499,-221.56396,-54.36069,-23.65939,532.11062,-27.88923,-2.35977,-107.39873,-30.06669,-33.92917,2080.58773,-2.12038,-6.61151, 0.02956,29.23168, 8.29908,2080.91822,-12.25196,-12.00000,-0.00000,
 3.10000,22.79041,-75.10109,9829.00864,-231.26550,-56.98246,-27.05782,535.59250,-27.98692,-1.00907,-74.49507,-20.46810,-33.22482,2080.51103,-2.26991,-6.85239, 0.03276,32.45834, 9.66702,2080.91822,-12.25196,-12.00000,-0.00000,
 3.20000,26.52399,-87.59320,9802.62040,-236.58333,-58.33499,-30.24962,539.08205,-26.88135, 0.32088,-29.09125,-6.58068,-30.30271,2080.52128,-2.35748,-6.39806, 0.03595,35.70681,11.15888,2080.91822,-12.25196,-12.00000,-0.00000,
 3.30000,30.60651,-101.44284,9774.17641,-237.81913,-58.33335,-33.10364,542.56120,-24.64223, 1.51973, 6.09993, 6.35967,-26.55983,2080.55294,-2.42830,-5.68309, 0.03913,38.96028,12.76697,2080.91822,-12.25196,-12.00000,-0.00000,
 3.40000,35.03366,-116.68018,9743.90445,-236.03192,-57.11836,-35.55432,545.96355,-21.48518, 2.48402,31.26148,17.65490,-22.28458,2080.59501,-2.48264,-4.80739, 0.04224,42.15882,14.47840,2080.91822,-12.25196,-12.00000,-0.00000,
 3.50000,39.79454,-133.31301,9712.08521,-232.09260,-54.85934,-37.55821,549.22585,-17.62882, 3.13894,49.02358,27.24388,-17.67662,2080.64396,-2.51675,-3.82248, 0.04521,45.24491,16.27730,2080.91822,-12.25196,-12.00000,-0.00000,
 3.60000,44.87237,-151.33044,9679.03484,-226.61410,-51.72477,-39.09292,552.29455,-13.27425, 3.44329,61.82259,35.17848,-12.95813,2080.69742,-2.52834,-2.76918, 0.04800,48.16932,18.14581,2080.91822,-12.25196,-12.00000,-0.00000,
 3.70000,50.24553,-170.70567,9645.09170,-219.99130,-47.87583,-40.15915,555.12614,-8.60128, 3.38992,71.60474,41.54809,-8.36498,2080.75343,-2.51726,-1.68260, 0.05057,50.89148,20.06479,2080.91822,-12.25196,-12.00000,-0.00000,
 3.80000,55.88855,-191.39819,9610.60502,-212.45039,-43.46362,-40.78101,557.68664,-3.76761, 3.00335,79.83256,46.46402,-4.12400,2080.81031,-2.48536,-0.59276, 0.05289,53.37911,22.01450,2080.91822,-12.25196,-12.00000,-0.00000,
 3.90000,61.77297,-213.35560,9575.92523,-204.09506,-38.62729,-41.00396,559.95077, 1.09120, 2.33512,87.52939,50.05244,-0.43167,2080.86663,-2.43623, 0.47511, 0.05493,55.60760,23.97512,2080.91822,-12.25196,-12.00000,-0.00000,
 4.00000,67.86824,-236.51542,9541.39581,-194.94755,-33.49287,-40.89089,561.90116, 5.86114, 1.45733,95.33096,52.44896, 2.56271,2080.92122,-2.37472, 1.50040, 0.05668,57.55930,25.92725,2080.91822,-12.25196,-12.00000,-0.00000,
 4.10000,74.14239,-260.80673,9507.34666,-184.98436,-28.17255,-40.51682,563.52742,10.44888, 0.45517,103.54179,53.79401, 4.76817,2080.97312,-2.30643, 2.46683, 0.05813,59.22282,27.85222,2080.91822,-12.25196,-12.00000,-0.00000,
 4.20000,80.56277,-286.15186,9474.08881,-174.16594,-22.76440,-39.96271,564.82526,14.78045,-0.58113,112.19614,54.22885, 6.15723,2081.02159,-2.23722, 3.36209, 0.05928,60.59226,29.73246,2080.91822,-12.25196,-12.00000,-0.00000,
 4.30000,87.09652,-312.46804,9441.91048,-162.46013,-17.35248,-39.30910,565.79560,18.79977,-1.56412,121.12253,53.89227, 6.76525,2081.06612,-2.17265, 4.17749, 0.06013,61.66642,31.55167,2080.91822,-12.25196,-12.00000,-0.00000,
 4.40000,93.71114,-339.66903,9411.07427,-149.85905,-12.00720,-38.63005,566.44368,22.46702,-2.41613,130.00941,52.91782, 6.68434,2081.10633,-2.11760, 4.90753, 0.06067,62.44812,33.29500,2080.91822,-12.25196,-12.00000,-0.00000,
 4.50000,100.37481,-367.66661,9381.81532,-136.38958,-6.78597,-37.98801,566.77825,25.75686,-3.07496,138.46914,51.43165, 6.05289,2081.14204,-2.07586, 5.54958, 0.06093,62.94343,34.94915,2080.91822,-12.25196,-12.00000,-0.00000,
 4.60000,107.05672,-396.37195,9354.34053,-122.11768,-1.73401,-37.42978,566.81081,28.65667,-3.49799,146.09713,49.55087, 5.04193,2081.17317,-2.04993, 6.10337, 0.06091,63.16104,36.50244,2080.91822,-12.25196,-12.00000,-0.00000,
 4.70000,113.72735,-425.69681,9328.82838,-107.14731, 3.11463,-36.98403,566.55491,31.16471,-3.66428,152.52324,47.38238, 3.83960,2081.19978,-2.04088, 6.57070, 0.06063,63.11161,37.94478,2080.91822,-12.25196,-12.00000,-0.00000,
 4.80000,120.35859,-455.55443,9305.42959,-91.61476, 7.73608,-36.66040,566.02548,33.28845,-3.57489,157.45287,45.02210, 2.63516,2081.22200,-2.04834, 6.95500, 0.06010,62.80724,39.26763,2080.91822,-12.25196,-12.00000,-0.00000,
 4.90000,126.92386,-485.86018,9284.26811,-75.67958,12.11549,-36.45014,565.23833,35.04282,-3.25130,160.69613,42.55458, 1.60398,2081.24007,-2.07067, 7.26102, 0.05933,62.26097,40.46400,2080.91822,-12.25196,-12.00000,-0.00000,
 5.00000,133.39820,-516.53196,9265.44274,-59.51333,16.24587,-36.32818,564.20958,36.44874,-2.73230,162.18417,40.05298, 0.89458,2081.25439,-2.10504, 7.49515, 0.05834,61.48630,41.52829,2080.91822,-2.25196,-0.00000,-0.00000,
 5.10000,139.76062,-547.48794,9249.04256,-44.04189,19.96487,-36.29952,563.01922,37.33351,-2.06771,142.82770,33.38300,-0.49784,2081.30072,-2.11827, 7.75212, 0.05721,60.55290,42.45548,2080.91822,-2.25196,-0.00000,-0.00000,
 5.20000,145.99739,-578.64976,9235.12980,-31.18106,22.86473,-36.42829,561.69370,37.39028,-1.33104,114.81398,24.62572,-1.99660,2081.30110,-2.16497, 7.61601, 0.05595,59.48361,43.24204,2080.91822,-2.25196,-0.00000,-0.00000,
 5.30000,152.09552,-609.95967,9223.66588,-20.98488,24.91036,-36.68029,560.25339,36.67708,-0.58269,90.11229,16.43099,-2.92994,2081.28859,-2.21513, 7.30948, 0.05460,58.29657,43.89015,2080.91822,-2.25196,-0.00000,-0.00000,
 5.40000,158.04570,-641.37630,9214.55348,-13.06251,26.18237,-36.99512,558.74212,35.32569, 0.12578,69.34032, 9.17249,-3.25753,2081.26896,-2.26209, 6.88790, 0.05318,57.03100,44.40532,2080.91822,-2.25196,-0.00000,-0.00000,
 5.50000,163.84296,-672.87011,9207.65767,-7.04488,26.77774,-37.31507,557.20134,33.46960, 0.74823,51.92620, 2.89881,-3.04689,2081.24427,-2.30257, 6.38231, 0.05173,55.72425,44.79518,2080.91822,-2.25196,-0.00000,-0.00000,
 5.60000,169.48619,-704.42019,9202.81626,-2.61966,26.79453,-37.59110,555.66676,31.23307, 1.24687,37.36783,-2.40388,-2.39988,2081.21596,-2.33429, 5.81823, 0.05030,54.40881,45.06889,2080.91822,-2.25196,-0.00000,-0.00000,
 5.70000,174.97752,-736.01178,9199.84817, 0.48294,26.32809,-37.78542,554.16810,28.72885, 1.59500,25.32600,-6.77344,-1.43674,2081.18528,-2.35571, 5.21802, 0.04890,53.11205,45.23669,2080.91822,-2.25196,-0.00000,-0.00000,
 5.80000,180.32181,-767.63425,9198.56057, 2.50421,25.46918,-37.87277,552.72935,26.05736, 1.77877,15.57630,-10.26322,-0.28655,2081.15331,-2.36616, 4.60115, 0.04756,51.85639,45.30949,2080.91822,-2.25196,-0.00000,-0.00000,
 5.90000,185.52601,-799.27954,9198.75517, 3.66565,24.30262,-37.84090,551.36917,23.30641, 1.79763, 7.95522,-12.93787, 0.92202,2081.12098,-2.36581, 3.98430, 0.04630,50.65960,45.29848,2080.91822,-2.25196,-0.00000,-0.00000,
 6.00000,190.59872,-830.94096,9200.23362, 4.17284,22.90636,-37.69006,550.10133,20.55130, 1.66370, 2.31746,-14.86995, 2.06956,2081.08909,-2.35564, 3.38142, 0.04513,49.53513,45.21490,2080.91822,-2.25196,-0.00000,-0.00000,
 6.10000,195.54967,-862.61234,9202.80200, 4.21574,21.35080,-37.43166,548.93519,17.85511, 1.40006,-1.49382,-16.13699, 3.05378,2081.05829,-2.33730, 2.80386, 0.04405,48.49254,45.06970,2080.91822,-2.25196,-0.00000,-0.00000,
 6.20000,200.38934,-894.28753,9206.27447, 3.96668,19.69847,-37.08623,547.87621,15.26929, 1.03827,-3.66478,-16.81890, 3.79566,2081.02910,-2.31295, 2.26055, 0.04307,47.53792,44.87338,2080.91822,-2.25196,-0.00000,-0.00000,
 6.30000,205.12856,-925.96008,9210.47615, 3.57718,18.00385,-36.68088,546.92646,12.83440, 0.61533,-4.41808,-16.99582, 4.24355,2081.00191,-2.28507, 1.75819, 0.04220,46.67429,44.63584,2080.91822,-2.25196,-0.00000,-0.00000,
 6.40000,209.77825,-957.62321,9215.24532, 3.17446,16.31351,-36.24644,546.08516,10.58096, 0.17041,-4.01118,-16.74624, 4.37493,2080.97702,-2.25622, 1.30145, 0.04142,45.90206,44.36621,2080.91822,-2.25196,-0.00000,-0.00000,
 6.50000,214.34910,-989.26993,9220.43488, 2.85854,14.66630,-35.81456,545.34910, 8.53039,-0.25844,-2.72767,-16.14547, 4.19580,2080.95462,-2.22886, 0.89322, 0.04075,45.21944,44.07282,2080.91822,-2.25196,-0.00000,-0.00000,
 6.60000,218.85141,-1020.89321,9225.91333, 2.70044,13.09375,-35.41496,544.71317, 6.69604,-0.63718,-0.86385,-15.26451, 3.73795,2080.93480,-2.20513, 0.53479, 0.04017,44.62284,43.76309,2080.91822,-2.25196,-0.00000,-0.00000,
 6.70000,223.29485,-1052.48633,9231.56518, 2.74185,11.62055,-35.07306,544.17075, 5.08417,-0.93828, 1.28732,-14.16908, 3.05434,2080.91761,-2.18674, 0.22615, 0.03967,44.10724,43.44357,2080.91822,-2.25196,-0.00000,-0.00000,
 6.80000,227.68842,-1084.04319,9237.29094, 2.99641,10.26508,-34.80816,543.71414, 3.69499,-1.14244, 3.45290,-12.91904, 2.21321,2080.90299,-2.17484,-0.03387, 0.03926,43.66653,43.11986,2080.91822,-2.25196,-0.00000,-0.00000,
 6.90000,232.04026,-1115.55853,9243.00676, 3.45260, 9.04010,-34.63224,543.33486, 2.52362,-1.23958, 5.39542,-11.56800, 1.29138,2080.89086,-2.16995,-0.24733, 0.03892,43.29387,42.79671,2080.91822,-2.25196,-0.00000,-0.00000,
 7.00000,236.35767,-1147.02824,9248.64379, 4.07792, 7.95327,-34.54944,543.02401, 1.56107,-1.22898, 6.92553,-10.16309, 0.36732,2080.88109,-2.17202,-0.41702, 0.03864,42.98190,42.47802,2080.91822,-2.25196,-0.00000,-0.00000,
 7.10000,240.64704,-1178.44949,9254.14725, 4.82425, 7.00791,-34.55623,542.77256, 0.79507,-1.11871, 7.91088,-8.74494,-0.48537,2080.87352,-2.18042,-0.54625, 0.03841,42.72304,42.16689,2080.91822,-2.25196,-0.00000,-0.00000,
 7.20000,244.91386,-1209.82079,9259.47540, 5.63368, 6.20357,-34.64220,542.57149, 0.21090,-0.92439, 8.28050,-7.34790,-1.20360,2080.86796,-2.19404,-0.63871, 0.03824,42.50967,41.86566,2080.91822,-2.25196,-0.00000,-0.00000,
 7.30000,249.16273,-1241.14199,9264.59831, 6.44468, 5.53668,-34.79131,542.41210,-0.20784,-0.66735, 8.02440,-6.00019,-1.73930,2080.86421,-2.21143,-0.69834, 0.03810,42.33435,41.57603,2080.91822,-2.25196,-0.00000,-0.00000,
 7.40000,253.39739,-1272.41411,9269.49667, 7.19777, 5.00113,-34.98361,542.28608,-0.47866,-0.37255, 7.18880,-4.72434,-2.06224,2080.86206,-2.23094,-0.72916, 0.03799,42.18990,41.29910,2080.91822,-2.25196,-0.00000,-0.00000,
 7.50000,257.62080,-1303.63918,9274.16042, 7.84074, 4.58884,-35.19707,542.18566,-0.61953,-0.06632, 5.86739,-3.53755,-2.16132,2080.86129,-2.25086,-0.73519, 0.03790,42.06956,41.03544,2080.91822,-2.25196,-0.00000,-0.00000,
 7.60000,261.83514,-1334.82000,9278.58751, 8.33263, 4.29024,-35.40949,542.10371,-0.64844, 0.22588, 4.18969,-2.45220,-2.04419,2080.86171,-2.26955,-0.72036, 0.03784,41.96708,40.78515,2080.91822,-2.25196,-0.00000,-0.00000,
 7.70000,266.04194,-1365.95979,9282.78260, 8.64655, 4.09474,-35.60030,542.03376,-0.58299, 0.48147, 2.30744,-1.47638,-1.73535,2080.86311,-2.28559,-0.68843, 0.03778,41.87675,40.54798,2080.91822,-2.25196,-0.00000,-0.00000,
 7.80000,270.24210,-1397.06192,9286.75589, 8.77113, 3.99117,-35.75211,541.97010,-0.44001, 0.68234, 0.38034,-0.61435,-1.27303,2080.86530,-2.29787,-0.64292, 0.03773,41.79346,40.32335,2080.91822,-2.25196,-0.00000,-0.00000,
 7.90000,274.43600,-1428.12964,9290.52194, 8.71049, 3.96804,-35.85188,541.90771,-0.23537, 0.81603,-1.43783, 0.13289,-0.70521,2080.86810,-2.30565,-0.58711, 0.03767,41.71272,40.11044,2080.91822,-2.25196,-0.00000,-0.00000,
 8.00000,278.62354,-1459.16575,9294.09864, 8.48299, 4.01397,-35.89168,541.84233, 0.01628, 0.87636,-3.01148, 0.76710,-0.08508,2080.87135,-2.30863,-0.52395, 0.03762,41.63066,39.90823,2080.91822,-2.25196,-0.00000,-0.00000,
 8.10000,282.80425,-1490.17250,9297.50629, 8.11889, 4.11783,-35.86898,541.77040, 0.30160, 0.86347,-4.23320, 1.29231, 0.53362,2080.87491,-2.30688,-0.45610, 0.03756,41.54400,39.71558,2080.91822,-2.25196,-0.00000,-0.00000,
 8.20000,286.97731,-1521.15134,9300.76667, 7.65714, 4.26899,-35.78647,541.68901, 0.60867, 0.78343,-5.03066, 1.71437, 1.10096,2080.87864,-2.30087,-0.38587, 0.03749,41.45004,39.53125,2080.91822,-2.25196,-0.00000,-0.00000,
 8.30000,291.14166,-1552.10294,9303.90235, 7.14171, 4.45750,-35.65150,541.59590, 0.92703, 0.64728,-5.37021, 2.04049, 1.57456,2080.88243,-2.29138,-0.31526, 0.03741,41.34664,39.35397,2080.91822,-2.25196,-0.00000,-0.00000,
 8.40000,295.29604,-1583.02713,9306.93605, 6.61776, 4.67417,-35.47515,541.48939, 1.24766, 0.46984,-5.25706, 2.27890, 1.92254,2080.88620,-2.27941,-0.24594, 0.03732,41.23216,39.18246,2080.91822,-2.25196,-0.00000,-0.00000,
 8.50000,299.43905,-1613.92301,9309.89005, 6.12792, 4.91065,-35.27110,541.36830, 1.56298, 0.26827,-4.73231, 2.43844, 2.12531,2080.88985,-2.26610,-0.17930, 0.03721,41.10541,39.01546,2080.91822,-2.25196,-0.00000,-0.00000,
 8.60000,303.56919,-1644.78905,9312.78581, 5.70907, 5.15953,-35.05433,541.23193, 1.86676, 0.06047,-3.86721, 2.52832, 2.17639,2080.89333,-2.25261,-0.11643, 0.03709,40.96564,38.85175,2080.91822,-2.25196,-0.00000,-0.00000,
 8.70000,307.68492,-1675.62329,9315.64355, 5.38977, 5.41431,-34.83983,541.07999, 2.15404,-0.13636,-2.75546, 2.55781, 2.08194,2080.89659,-2.24005,-0.05815, 0.03695,40.81244,38.69018,2080.91822,-2.25196,-0.00000,-0.00000,
 8.80000,311.78467,-1706.42348,9318.48204, 5.18855, 5.66939,-34.64140,540.91251, 2.42105,-0.30708,-1.50409, 2.53604, 1.85949,2080.89959,-2.22936,-0.00505, 0.03680,40.64572,38.52971,2080.91822,-2.25196,-0.00000,-0.00000,
 8.90000,315.86691,-1737.18734,9321.31839, 5.11307, 5.92010,-34.47059,540.72983, 2.66509,-0.43970,-0.22400, 2.47179, 1.53567,2080.90231,-2.22128, 0.04249, 0.03664,40.46565,38.36936,2080.91822,-2.25196,-0.00000,-0.00000,
 9.00000,319.93015,-1767.91269,9324.16790, 5.16033, 6.16261,-34.33595,540.53252, 2.88444,-0.52612, 0.97926, 2.37340, 1.14351,2080.90473,-2.21628, 0.08428, 0.03646,40.27264,38.20826,2080.91822,-2.25196,-0.00000,-0.00000,
 9.10000,323.97295,-1798.59767,9327.04405, 5.31758, 6.39390,-34.24251,540.32133, 3.07820,-0.56253, 2.01363, 2.24858, 0.71926,2080.90685,-2.21457, 0.12030, 0.03627,40.06724,38.04566,2080.91822,-2.25196,-0.00000,-0.00000,
 9.20000,327.99398,-1829.24087,9329.95844, 5.56405, 6.61168,-34.19166,540.09715, 3.24621,-0.54940, 2.80700, 2.10443, 0.29933,2080.90867,-2.21604, 0.15066, 0.03606,39.85016,37.88089,2080.91822,-2.25196,-0.00000,-0.00000,
 9.30000,331.99198,-1859.84137,9332.92088, 5.87318, 6.81435,-34.18126,539.86096, 3.38890,-0.49118, 3.31169, 1.94727,-0.08275,2080.91020,-2.22036, 0.17556, 0.03585,39.62220,37.71341,2080.91822,-2.25196,-0.00000,-0.00000,
 9.40000,335.96581,-1890.39884,9335.93939, 6.21513, 7.00089,-34.20603,539.61381, 3.50722,-0.39565, 3.50660, 1.78274,-0.39877,2080.91145,-2.22700, 0.19533, 0.03562,39.38422,37.54276,2080.91822,-2.25196,-0.00000,-0.00000,
 9.50000,339.91441,-1920.91348,9339.02035, 6.55949, 7.17082,-34.25825,539.35676, 3.60251,-0.27308, 3.39709, 1.61567,-0.62777,2080.91245,-2.23525, 0.21032, 0.03539,39.13710,37.36857,2080.91822,-2.25196,-0.00000,-0.00000,
 9.60000,343.83686,-1951.38602,9342.16862, 6.87768, 7.32408,-34.32850,539.09087, 3.67643,-0.13519, 3.01275, 1.45021,-0.75727,2080.91321,-2.24434, 0.22096, 0.03515,38.88176,37.19059,2080.91822,-2.25196,-0.00000,-0.00000,
 9.70000,347.73233,-1981.81758,9345.38763, 7.14522, 7.46103,-34.40655,538.81719, 3.73083, 0.00582, 2.40334, 1.28976,-0.78365,2080.91376,-2.25348, 0.22769, 0.03490,38.61908,37.00860,2080.91822,-2.25196,-0.00000,-0.00000,
 9.80000,351.60008,-2012.20961,9348.67957, 7.34334, 7.58229,-34.48226,538.53670, 3.76771, 0.13837, 1.63339, 1.13705,-0.71188,2080.91412,-2.26193, 0.23099, 0.03465,38.34992,36.82249,2080.91822,-2.25196,-0.00000,-0.00000,
 9.90000,355.43947,-2042.56368,9352.04552, 7.46021, 7.68877,-34.54634,538.25035, 3.78914, 0.25233, 0.77598, 0.99422,-0.55448,2080.91431,-2.26905, 0.23131, 0.03439,38.07509,36.63219,2080.91822,-2.25196,-0.00000,-0.00000,
10.00000,359.24998,-2072.88144,9355.48560, 7.49130, 7.78152,-34.59113,537.95899, 3.79720, 0.33978,-0.09372, 0.86281,-0.33006,2080.91436,-2.27436, 0.22911, 0.03412,37.79535,36.43771,2080.91822,-2.25196,-0.00000,-0.00000,
10.10000,363.03113,-2103.16440,9358.99912, 7.43937, 7.86174,-34.61100,537.66341, 3.79394, 0.39547,-0.90470, 0.74385,-0.06134,2080.91430,-2.27756, 0.22484, 0.03385,37.51140,36.23907,2080.91822,-2.25196,-0.00000,-0.00000,
10.20000,366.78254,-2133.41388,9362.58471, 7.31365, 7.93072,-34.60277,537.36432, 3.78132, 0.41707,-1.59553, 0.63793, 0.22693,2080.91414,-2.27852, 0.21890, 0.03358,37.22386,36.03636,2080.91822,-2.25196,-0.00000,-0.00000,
10.30000,370.50390,-2163.63088,9366.24048, 7.12872, 7.98977,-34.56570,537.06233, 3.76121, 0.40517,-2.11866, 0.54524, 0.51009,2080.91390,-2.27734, 0.21169, 0.03331,36.93330,35.82968,2080.91822,-2.25196,-0.00000,-0.00000,
10.40000,374.19493,-2193.81606,9369.96410, 6.90291, 8.04021,-34.50147,536.75798, 3.73534, 0.36301,-2.44334, 0.46564, 0.76562,2080.91361,-2.27424, 0.20354, 0.03303,36.64019,35.61916,2080.91822,-2.25196,-0.00000,-0.00000,
10.50000,377.85543,-2223.96969,9373.75298, 6.65664, 8.08332,-34.41383,536.45172, 3.70526, 0.29606,-2.55691, 0.39872, 0.97474,2080.91328,-2.26960, 0.19478, 0.03275,36.34496,35.40496,2080.91822,-2.25196,-0.00000,-0.00000,
10.60000,381.48522,-2254.09167,9377.60429, 6.41054, 8.12035,-34.30816,536.14393, 3.67241, 0.21142,-2.46463, 0.34385, 1.12370,2080.91293,-2.26392, 0.18568, 0.03247,36.04795,35.18722,2080.91822,-2.25196,-0.00000,-0.00000,
10.70000,385.08417,-2284.18153,9381.51512, 6.18386, 8.15247,-34.19093,535.83490, 3.63802, 0.11713,-2.18800, 0.30023, 1.20456,2080.91257,-2.25771, 0.17649, 0.03219,35.74945,34.96613,2080.91822,-2.25196,-0.00000,-0.00000,
10.80000,388.65217,-2314.23858,9385.48251, 5.99293, 8.18074,-34.06911,535.52488, 3.60316, 0.02144,-1.76195, 0.26692, 1.21540,2080.91221,-2.25152, 0.16739, 0.03191,35.44968,34.74183,2080.91822,-2.25196,-0.00000,-0.00000,
10.90000,392.18912,-2344.26188,9389.50354, 5.85011, 8.20616,-33.94958,535.21403, 3.56877,-0.06782,-1.23105, 0.24291, 1.16009,2080.91186,-2.24584, 0.15856, 0.03163,35.14882,34.51450,2080.91822,-2.25196,-0.00000,-0.00000,
11.00000,395.69495,-2374.25043,9393.57536, 5.76302, 8.22960,-33.83855,534.90247, 3.53558,-0.14389,-0.64530, 0.22716, 1.04758,2080.91154,-2.24110, 0.15014, 0.03135,34.84698,34.28430,2080.91822,-2.25196,-0.00000,-0.00000,
11.10000,399.16959,-2404.20320,9397.69527, 5.73425, 8.25183,-33.74113,534.59026, 3.50420,-0.20153,-0.05572, 0.21858, 0.89081,2080.91123,-2.23761, 0.14222, 0.03107,34.54425,34.05138,2080.91822,-2.25196,-0.00000,-0.00000,
11.20000,402.61298,-2434.11922,9401.86072, 5.76154, 8.27352,-33.66100,534.27745, 3.47509,-0.23736, 0.48986, 0.21612, 0.70543,2080.91096,-2.23557, 0.13487, 0.03078,34.24066,33.81588,2080.91822,-2.25196,-0.00000,-0.00000,
11.30000,406.02506,-2463.99769,9406.06935, 5.83823, 8.29522,-33.60016,533.96401, 3.44859,-0.24997, 0.95042, 0.21875, 0.50830,2080.91072,-2.23505, 0.12815, 0.03050,33.93623,33.57795,2080.91822,-2.25196,-0.00000,-0.00000,
11.40000,409.40576,-2493.83803,9410.31900, 5.95413, 8.31741,-33.55897,533.64991, 3.42493,-0.23994, 1.29463, 0.22550, 0.31611,2080.91051,-2.23599, 0.12209, 0.03022,33.63094,33.33769,2080.91822,-2.25196,-0.00000,-0.00000,
11.50000,412.75502,-2523.63988,9414.60772, 6.09661, 8.34043,-33.53614,533.33510, 3.40423,-0.20962, 1.50265, 0.23546, 0.14399,2080.91034,-2.23820, 0.11668, 0.02993,33.32475,33.09523,2080.91822,-2.25196,-0.00000,-0.00000,
11.60000,416.07276,-2553.40315,9418.93376, 6.25174, 8.36458,-33.52902,533.01950, 3.38652,-0.16285, 1.56701, 0.24780, 0.00441,2080.91021,-2.24142, 0.11193, 0.02965,33.01761,32.85066,2080.91822,-2.25196,-0.00000,-0.00000,
11.70000,419.35889,-2583.12801,9423.29559, 6.40551, 8.39004,-33.53387,532.70302, 3.37176,-0.10453, 1.49235, 0.26176,-0.09362,2080.91011,-2.24533, 0.10780, 0.02936,32.70946,32.60406,2080.91822,-2.25196,-0.00000,-0.00000,
11.80000,422.61333,-2612.81486,9427.69190, 6.54501, 8.41696,-33.54622,532.38557, 3.35987,-0.04016, 1.29420, 0.27668,-0.14507,2080.91004,-2.24957, 0.10427, 0.02907,32.40022,32.35552,2080.91822,-2.25196,-0.00000,-0.00000,
11.90000,425.83597,-2642.46426,9432.12154, 6.65932, 8.44539,-33.56135,532.06706, 3.35069, 0.02466, 0.99700, 0.29197,-0.14900,2080.91000,-2.25376, 0.10129, 0.02878,32.08981,32.10509,2080.91822,-2.25196,-0.00000,-0.00000,
12.00000,429.02670,-2672.07693,9436.58355, 6.74034, 8.47535,-33.57459,531.74738, 3.34403, 0.08465, 0.63150, 0.30715,-0.10839,2080.90999,-2.25757, 0.09882, 0.02850,31.77815,31.85282,2080.91822,-2.25196,-0.00000,-0.00000,
12.10000,432.18540,-2701.65362,9441.07714, 6.78320, 8.50680,-33.58179,531.42644, 3.33970, 0.13531, 0.23189, 0.32179,-0.02959,2080.91001,-2.26072, 0.09680, 0.02821,31.46517,31.59878,2080.91822,-2.25196,-0.00000,-0.00000,
12.20000,435.31194,-2731.19511,9445.60166, 6.78643, 8.53968,-33.57954,531.10416, 3.33745, 0.17319,-0.16725, 0.33558, 0.07839,2080.91005,-2.26300, 0.09519, 0.02791,31.15079,31.34298,2080.91822,-2.25196,-0.00000,-0.00000,
12.30000,438.40619,-2760.70211,9450.15659, 6.75187, 8.57388,-33.56546,530.78044, 3.33706, 0.19609,-0.53373, 0.34824, 0.20480,2080.91011,-2.26429, 0.09392, 0.02762,30.83494,31.08547,2080.91822,-2.25196,-0.00000,-0.00000,
12.40000,441.46798,-2790.17523,9454.74152, 6.68428, 8.60929,-33.53827,530.45521, 3.33828, 0.20319,-0.84020, 0.35959, 0.33814,2080.91018,-2.26456, 0.09295, 0.02733,30.51756,30.82626,2080.91822,-2.25196,-0.00000,-0.00000,
12.50000,444.49718,-2819.61492,9459.35615, 6.59077, 8.64575,-33.49785,530.12840, 3.34087, 0.19500,-1.06601, 0.36950, 0.46715,2080.91028,-2.26383, 0.09222, 0.02703,30.19859,30.56537,2080.91822,-2.25196,-0.00000,-0.00000,
12.60000,447.49361,-2849.02147,9464.00023, 6.48004, 8.68313,-33.44514,529.79997, 3.34460, 0.17322,-1.19844, 0.37788, 0.58166,2080.91038,-2.26226, 0.09169, 0.02673,29.87799,30.30282,2080.91822,-2.25196,-0.00000,-0.00000,
12.70000,450.45711,-2878.39501,9468.67360, 6.36161, 8.72128,-33.38205,529.46985, 3.34926, 0.14053,-1.23317, 0.38470, 0.67339,2080.91049,-2.26001, 0.09130, 0.02644,29.55570,30.03861,2080.91822,-2.25196,-0.00000,-0.00000,
12.80000,453.38752,-2907.73548,9473.37613, 6.24495, 8.76002,-33.31116,529.13802, 3.35464, 0.10032,-1.17408, 0.38998, 0.73646,2080.91061,-2.25732, 0.09103, 0.02614,29.23171,29.77275,2080.91822,-2.25196,-0.00000,-0.00000,
12.90000,456.28466,-2937.04265,9478.10775, 6.13875, 8.79922,-33.23553,528.80444, 3.36056, 0.05634,-1.03232, 0.39376, 0.76769,2080.91074,-2.25444, 0.09083, 0.02583,28.90599,29.50525,2080.91822,-2.25196,-0.00000,-0.00000,
13.00000,459.14835,-2966.31622,9482.86837, 6.05026, 8.83873,-33.15840,528.46910, 3.36684, 0.01239,-0.82497, 0.39609, 0.76670,2080.91087,-2.25160, 0.09066, 0.02553,28.57851,29.23611,2080.91822,-2.25196,-0.00000,-0.00000,
13.10000,461.97842,-2995.55575,9487.65797, 5.98482, 8.87840,-33.08289,528.13199, 3.37335,-0.02797,-0.57325, 0.39709, 0.73574,2080.91100,-2.24904, 0.09051, 0.02523,28.24928,28.96533,2080.91822,-2.25196,-0.00000,-0.00000,
13.20000,464.77469,-3024.76081,9492.47648, 5.94551, 8.91810,-33.01181,527.79311, 3.37995,-0.06174,-0.30049, 0.39684, 0.67931,2080.91113,-2.24695, 0.09034, 0.02492,27.91829,28.69291,2080.91822,-2.25196,-0.00000,-0.00000,
13.30000,467.53698,-3053.93094,9497.32385, 5.93314, 8.95773,-32.94741,527.45246, 3.38653,-0.08665,-0.03012, 0.39546, 0.60367,2080.91127,-2.24545, 0.09014, 0.02461,27.58555,28.41886,2080.91822,-2.25196,-0.00000,-0.00000,
13.40000,470.26512,-3083.06572,9502.20003, 5.94625, 8.99716,-32.89124,527.11005, 3.39300,-0.10129, 0.21620, 0.39308, 0.51619,2080.91140,-2.24464, 0.08989, 0.02430,27.25107,28.14319,2080.91822,-2.25196,-0.00000,-0.00000,
13.50000,472.95894,-3112.16484,9507.10493, 5.98144, 9.03631,-32.84410,526.76591, 3.39928,-0.10519, 0.42024, 0.38981, 0.42472,2080.91152,-2.24452, 0.08958, 0.02399,26.91486,27.86589,2080.91822,-2.25196,-0.00000,-0.00000,
13.60000,475.61825,-3141.22804,9512.03847, 6.03378, 9.07510,-32.80600,526.42005, 3.40533,-0.09876, 0.56845, 0.38579, 0.33686,2080.91165,-2.24507, 0.08920, 0.02368,26.57696,27.58697,2080.91822,-2.25196,-0.00000,-0.00000,
13.70000,478.24289,-3170.25522,9517.00050, 6.09725, 9.11345,-32.77624,526.07251, 3.41109,-0.08324, 0.65269, 0.38113, 0.25943,2080.91177,-2.24618, 0.08873, 0.02337,26.23737,27.30644,2080.91822,-2.25196,-0.00000,-0.00000,
13.80000,480.83269,-3199.24638,9521.99090, 6.16539, 9.15131,-32.75348,525.72331, 3.41654,-0.06050, 0.67052, 0.37595, 0.19791,2080.91189,-2.24774, 0.08819, 0.02305,25.89614,27.02431,2080.91822,-2.25196,-0.00000,-0.00000,
13.90000,483.38750,-3228.20164,9527.00949, 6.23177, 9.18862,-32.73592,525.37249, 3.42167,-0.03286, 0.62508, 0.37034, 0.15616,2080.91200,-2.24959, 0.08757, 0.02273,25.55328,26.74058,2080.91822,-2.25196,-0.00000,-0.00000,
14.00000,485.90714,-3257.12122,9532.05607, 6.29057, 9.22536,-32.72146,525.02009, 3.42646,-0.00290, 0.52434, 0.36443, 0.13615,2080.91211,-2.25155, 0.08686, 0.02242,25.20885,26.45527,2080.91822,-2.25196,-0.00000,-0.00000,
14.10000,488.39147,-3286.00541,9537.13041, 6.33695, 9.26150,-32.70790,524.66614, 3.43092, 0.02680, 0.38024, 0.35828, 0.13797,2080.91222,-2.25347, 0.08608, 0.02210,24.86286,26.16839,2080.91822,-2.25196,-0.00000,-0.00000,
14.20000,490.84032,-3314.85458,9542.23227, 6.36743, 9.29701,-32.69314,524.31069, 3.43505, 0.05387, 0.20737, 0.35198, 0.15995,2080.91232,-2.25518, 0.08521, 0.02177,24.51535,25.87996,2080.91822,-2.25196,-0.00000,-0.00000,
14.30000,493.25355,-3343.66909,9547.36137, 6.38004, 9.33189,-32.67528,523.95376, 3.43888, 0.07630, 0.02166, 0.34561, 0.19890,2080.91242,-2.25657, 0.08428, 0.02145,24.16637,25.58999,2080.91822,-2.25196,-0.00000,-0.00000,
14.40000,495.63102,-3372.44933,9552.51742, 6.37439, 9.36614,-32.65286,523.59541, 3.44242, 0.09259,-0.16102, 0.33921, 0.25047,2080.91252,-2.25755, 0.08329, 0.02113,23.81595,25.29849,2080.91822,-2.25196,-0.00000,-0.00000,
14.50000,497.97259,-3401.19564,9557.70009, 6.35159, 9.39974,-32.62484,523.23566, 3.44570, 0.10185,-0.32612, 0.33284, 0.30962,2080.91261,-2.25806, 0.08223, 0.02080,23.46412,25.00548,2080.91822,-2.25196,-0.00000,-0.00000,
14.60000,500.27811,-3429.90830,9562.90905, 6.31406, 9.43271,-32.59073,522.87457, 3.44874, 0.10380,-0.46151, 0.32655, 0.37100,2080.91271,-2.25809, 0.08112, 0.02048,23.11093,24.71100,2080.91822,-2.25196,-0.00000,-0.00000,
14.70000,502.54746,-3458.58754,9568.14396, 6.26524, 9.46505,-32.55059,522.51216, 3.45157, 0.09879,-0.55828, 0.32035, 0.42948,2080.91280,-2.25768, 0.07997, 0.02015,22.75640,24.41504,2080.91822,-2.25196,-0.00000,-0.00000,
14.80000,504.78050,-3487.23351,9573.40443, 6.20925, 9.49678,-32.50492,522.14848, 3.45422, 0.08770,-0.61126, 0.31429, 0.48049,2080.91288,-2.25689, 0.07877, 0.01982,22.40058,24.11764,2080.91822,-2.25196,-0.00000,-0.00000,
14.90000,506.97711,-3515.84625,9578.69008, 6.15052, 9.52791,-32.45467,521.78356, 3.45672, 0.07183,-0.61915, 0.30837, 0.52040,2080.91297,-2.25581, 0.07754, 0.01949,22.04349,23.81881,2080.91822,-2.25196,-0.00000,-0.00000,
15.00000,509.13717,-3544.42575,9584.00053, 6.09336, 9.55846,-32.40109,521.41744, 3.45908, 0.05279,-0.58438, 0.30260, 0.54670,2080.91306,-2.25454, 0.07628, 0.01916,21.68518,23.51859,2080.91822,-2.25196,-0.00000,-0.00000,
15.10000,511.26056,-3572.97193,9589.33536, 6.04172, 9.58844,-32.34561,521.05015, 3.46135, 0.03233,-0.51267, 0.29699, 0.55816,2080.91314,-2.25320, 0.07500, 0.01883,21.32568,23.21698,2080.91822,-2.25196,-0.00000,-0.00000,
15.20000,513.34717,-3601.48464,9594.69418, 5.99877, 9.61786,-32.28973,520.68172, 3.46353, 0.01220,-0.41232, 0.29154, 0.55484,2080.91323,-2.25191, 0.07370, 0.01850,20.96501,22.91402,2080.91822,-2.25196,-0.00000,-0.00000,
15.30000,515.39687,-3629.96371,9600.07656, 5.96682, 9.64675,-32.23488,520.31219, 3.46565,-0.00601,-0.29338, 0.28625, 0.53798,2080.91331,-2.25076, 0.07239, 0.01816,20.60321,22.60973,2080.91822,-2.25196,-0.00000,-0.00000,
15.40000,517.40957,-3658.40896,9605.48209, 5.94710, 9.67512,-32.18230,519.94160, 3.46774,-0.02095,-0.16670, 0.28111, 0.50982,2080.91340,-2.24983, 0.07106, 0.01783,20.24031,22.30412,2080.91822,-2.25196,-0.00000,-0.00000,
15.50000,519.38515,-3686.82019,9610.91034, 5.93977, 9.70298,-32.13299,519.56996, 3.46981,-0.03164,-0.04302, 0.27610, 0.47338,2080.91348,-2.24920, 0.06973, 0.01749,19.87634,21.99724,2080.91822,-2.25196,-0.00000,-0.00000,
15.60000,521.32353,-3715.19725,9616.36088, 5.94401, 9.73034,-32.08760,519.19731, 3.47187,-0.03752, 0.06788, 0.27123, 0.43212,2080.91356,-2.24888, 0.06840, 0.01716,19.51132,21.68909,2080.91822,-2.25196,-0.00000,-0.00000,
15.70000,523.22458,-3743.54000,9621.83329, 5.95808, 9.75723,-32.04644,518.82367, 3.47394,-0.03845, 0.15794, 0.26647, 0.38966,2080.91365,-2.24888, 0.06706, 0.01682,19.14529,21.37971,2080.91822,-2.25196,-0.00000,-0.00000,
15.80000,525.08823,-3771.84838,9627.32715, 5.97961, 9.78364,-32.00944,518.44909, 3.47602,-0.03468, 0.22132, 0.26181, 0.34948,2080.91373,-2.24919, 0.06573, 0.01648,18.77828,21.06911,2080.91822,-2.25196,-0.00000,-0.00000,
15.90000,526.91437,-3800.12236,9632.84202, 6.00575, 9.80959,-31.97622,518.07357, 3.47814,-0.02684, 0.25474, 0.25724, 0.31463,2080.91382,-2.24974, 0.06440, 0.01614,18.41031,20.75733,2080.91822,-2.25196,-0.00000,-0.00000,
16.00000,528.70291,-3828.36196,9638.37748, 6.03350, 9.83509,-31.94613,517.69716, 3.48029,-0.01585, 0.25757, 0.25275, 0.28751,2080.91391,-2.25049, 0.06307, 0.01580,18.04140,20.44438,2080.91822,-2.25196,-0.00000,-0.00000,
16.10000,530.45377,-3856.56729,9643.93310, 6.05994, 9.86014,-31.91829,517.31987, 3.48247,-0.00281, 0.23166, 0.24831, 0.26976,2080.91399,-2.25136, 0.06175, 0.01546,17.67159,20.13029,2080.91822,-2.25196,-0.00000,-0.00000,
16.20000,532.16686,-3884.73846,9649.50847, 6.08242, 9.88476,-31.89173,516.94173, 3.48470, 0.01109, 0.18109, 0.24393, 0.26213,2080.91408,-2.25227, 0.06043, 0.01512,17.30089,19.81509,2080.91822,-2.25196,-0.00000,-0.00000,
16.30000,533.84209,-3912.87565,9655.10316, 6.09884, 9.90893,-31.86543,516.56277, 3.48698, 0.02466, 0.11163, 0.23957, 0.26450,2080.91417,-2.25314, 0.05912, 0.01478,16.92934,19.49879,2080.91822,-2.25196,-0.00000,-0.00000,
16.40000,535.47938,-3940.97903,9660.71676, 6.10770, 9.93267,-31.83842,516.18301, 3.48929, 0.03683, 0.03018, 0.23525, 0.27597,2080.91426,-2.25391, 0.05782, 0.01443,16.55696,19.18142,2080.91822,-2.25196,-0.00000,-0.00000,
16.50000,537.07867,-3969.04881,9666.34884, 6.10821, 9.95598,-31.80988,515.80248, 3.49166, 0.04671,-0.05584, 0.23093, 0.29494,2080.91435,-2.25452, 0.05652, 0.01409,16.18378,18.86301,2080.91822,-2.25196,-0.00000,-0.00000,
16.60000,538.63986,-3997.08518,9671.99899, 6.10034, 9.97886,-31.77914,515.42120, 3.49406, 0.05366,-0.13919, 0.22662, 0.31935,2080.91444,-2.25493, 0.05523, 0.01375,15.80981,18.54358,2080.91822,-2.25196,-0.00000,-0.00000,
16.70000,540.16288,-4025.08831,9677.66680, 6.08470,10.00130,-31.74578,515.03921, 3.49651, 0.05731,-0.21330, 0.22231, 0.34681,2080.91453,-2.25513, 0.05394, 0.01340,15.43509,18.22315,2080.91822,-2.25196,-0.00000,-0.00000,
16.80000,541.64767,-4053.05836,9683.35186, 6.06253,10.02332,-31.70962,514.65651, 3.49900, 0.05760,-0.27282, 0.21799, 0.37486,2080.91462,-2.25510, 0.05266, 0.01306,15.05963,17.90175,2080.91822,-2.25196,-0.00000,-0.00000,
16.90000,543.09416,-4080.99544,9689.05375, 6.03547,10.04490,-31.67072,514.27315, 3.50152, 0.05473,-0.31393, 0.21365, 0.40117,2080.91471,-2.25488, 0.05138, 0.01271,14.68347,17.57939,2080.91822,-2.25196,-0.00000,-0.00000,
17.00000,544.50228,-4108.89962,9694.77207, 6.00546,10.06605,-31.62935,513.88913, 3.50408, 0.04914,-0.33456, 0.20929, 0.42368,2080.91480,-2.25449, 0.05010, 0.01236,14.30663,17.25610,2080.91822,-2.25196,-0.00000,-0.00000,
17.10000,545.87197,-4136.77096,9700.50641, 5.97456,10.08676,-31.58599,513.50450, 3.50667, 0.04147,-0.33444, 0.20491, 0.44081,2080.91490,-2.25397, 0.04883, 0.01202,13.92914,16.93191,2080.91822,-2.25196,-0.00000,-0.00000,
17.20000,547.20316,-4164.60946,9706.25636, 5.94475,10.10703,-31.54123,513.11927, 3.50929, 0.03248,-0.31499, 0.20050, 0.45151,2080.91499,-2.25337, 0.04755, 0.01167,13.55101,16.60684,2080.91822,-2.25196,-0.00000,-0.00000,
17.30000,548.49580,-4192.41509,9712.02152, 5.91778,10.12686,-31.49574,512.73348, 3.51192, 0.02299,-0.27908, 0.19607, 0.45532,2080.91508,-2.25275, 0.04628, 0.01132,13.17228,16.28090,2080.91822,-2.25196,-0.00000,-0.00000,
17.40000,549.74984,-4220.18781,9717.80147, 5.89506,10.14624,-31.45021,512.34713, 3.51458, 0.01378,-0.23074, 0.19160, 0.45236,2080.91518,-2.25216, 0.04501, 0.01097,12.79296,15.95413,2080.91822,-2.25196,-0.00000,-0.00000,
17.50000,550.96521,-4247.92755,9723.59581, 5.87756,10.16518,-31.40530,511.96027, 3.51726, 0.00559,-0.17470, 0.18711, 0.44329,2080.91527,-2.25165, 0.04375, 0.01062,12.41310,15.62655,2080.91822,-2.25196,-0.00000,-0.00000,
17.60000,552.14188,-4275.63426,9729.40415, 5.86577,10.18366,-31.36155,511.57292, 3.51994,-0.00099,-0.11599, 0.18258, 0.42924,2080.91536,-2.25124, 0.04248, 0.01027,12.03270,15.29817,2080.91822,-2.25196,-0.00000,-0.00000,
17.70000,553.27978,-4303.30785,9735.22606, 5.85968,10.20169,-31.31940,511.18510, 3.52264,-0.00556,-0.05955, 0.17803, 0.41164,2080.91546,-2.25097, 0.04121, 0.00992,11.65180,14.96903,2080.91822,-2.25196,-0.00000,-0.00000,
17.80000,554.37888,-4330.94829,9741.06115, 5.85881,10.21927,-31.27912,510.79685, 3.52535,-0.00787,-0.00974, 0.17345, 0.39212,2080.91555,-2.25085, 0.03994, 0.00957,11.27043,14.63914,2080.91822,-2.25196,-0.00000,-0.00000,
17.90000,555.43914,-4358.55554,9746.90901, 5.86232,10.23638,-31.24083,510.40818, 3.52807,-0.00790, 0.02986, 0.16884, 0.37234,2080.91565,-2.25088, 0.03866, 0.00922,10.88860,14.30853,2080.91822,-2.25196,-0.00000,-0.00000,
18.00000,556.46051,-4386.12959,9752.76924, 5.86904,10.25304,-31.20446,510.01912, 3.53079,-0.00580, 0.05677, 0.16421, 0.35390,2080.91574,-2.25104, 0.03739, 0.00887,10.50635,13.97722,2080.91822,-2.25196,-0.00000,-0.00000,
18.10000,557.44295,-4413.67045,9758.64142, 5.87766,10.26922,-31.16982,509.62970, 3.53351,-0.00189, 0.06970, 0.15955, 0.33813,2080.91584,-2.25132, 0.03611, 0.00852,10.12370,13.64524,2080.91822,-2.25196,-0.00000,-0.00000,
18.20000,558.38644,-4441.17817,9764.52515, 5.88677,10.28495,-31.13658,509.23995, 3.53623, 0.00338, 0.06856, 0.15488, 0.32611,2080.91593,-2.25168, 0.03484, 0.00817, 9.74068,13.31260,2080.91822,-2.25196,-0.00000,-0.00000,
18.30000,559.29093,-4468.65280,9770.42001, 5.89504,10.30020,-31.10432,508.84989, 3.53895, 0.00951, 0.05441, 0.15019, 0.31851,2080.91603,-2.25208, 0.03356, 0.00782, 9.35731,12.97934,2080.91822,-2.25196,-0.00000,-0.00000,
18.40000,560.15640,-4496.09444,9776.32561, 5.90130,10.31498,-31.07259,508.45955, 3.54167, 0.01593, 0.02931, 0.14548, 0.31561,2080.91612,-2.25250, 0.03228, 0.00746, 8.97362,12.64546,2080.91822,-2.25196,-0.00000,-0.00000,
18.50000,560.98283,-4523.50318,9782.24153, 5.90461,10.32929,-31.04092,508.06896, 3.54439, 0.02211,-0.00398, 0.14075, 0.31727,2080.91622,-2.25290, 0.03099, 0.00711, 8.58964,12.31100,2080.91822,-2.25196,-0.00000,-0.00000,
18.60000,561.77019,-4550.87912,9788.16737, 5.90434,10.34313,-31.00887,507.67815, 3.54711, 0.02756,-0.04219, 0.13601, 0.32303,2080.91631,-2.25324, 0.02971, 0.00676, 8.20539,11.97599,2080.91822,-2.25196,-0.00000,-0.00000,
18.70000,562.51845,-4578.22239,9794.10270, 5.90019,10.35650,-30.97608,507.28713, 3.54982, 0.03188,-0.08190, 0.13126, 0.33210,2080.91641,-2.25351, 0.02842, 0.00641, 7.82090,11.64043,2080.91822,-2.25196,-0.00000,-0.00000,
18.80000,563.22761,-4605.53309,9800.04712, 5.89220,10.36938,-30.94224,506.89595, 3.55253, 0.03481,-0.11979, 0.12650, 0.34349,2080.91650,-2.25368, 0.02713, 0.00605, 7.43620,11.30436,2080.91822,-2.25196,-0.00000,-0.00000,
18.90000,563.89764,-4632.81132,9806.00022, 5.88071,10.38180,-30.90720,506.50461, 3.55523, 0.03621,-0.15292, 0.12174, 0.35608,2080.91660,-2.25375, 0.02584, 0.00570, 7.05131,10.96780,2080.91822,-2.25196,-0.00000,-0.00000,
19.00000,564.52853,-4660.05716,9811.96158, 5.86633,10.39373,-30.87089,506.11317, 3.55793, 0.03605,-0.17893, 0.11696, 0.36874,2080.91669,-2.25372, 0.02455, 0.00535, 6.66626,10.63078,2080.91822,-2.25196,-0.00000,-0.00000,
19.10000,565.12027,-4687.27069,9817.93080, 5.84985,10.40519,-30.83334,505.72163, 3.56063, 0.03447,-0.19620, 0.11218, 0.38041,2080.91679,-2.25360, 0.02325, 0.00499, 6.28108,10.29331,2080.91822,-2.25196,-0.00000,-0.00000,
19.20000,565.67285,-4714.45196,9823.90745, 5.83219,10.41617,-30.79472,505.33002, 3.56333, 0.03168,-0.20392, 0.10740, 0.39018,2080.91688,-2.25341, 0.02196, 0.00464, 5.89579, 9.95542,2080.91822,-2.25196,-0.00000,-0.00000,
19.30000,566.18627,-4741.60101,9829.89112, 5.81429,10.42667,-30.75524,504.93838, 3.56601, 0.02799,-0.20212, 0.10261, 0.39735,2080.91698,-2.25316, 0.02066, 0.00429, 5.51042, 9.61713,2080.91822,-2.25196,-0.00000,-0.00000,
19.40000,566.66053,-4768.71786,9835.88141, 5.79705,10.43669,-30.71519,504.54674, 3.56870, 0.02375,-0.19157, 0.09783, 0.40150,2080.91707,-2.25288, 0.01936, 0.00393, 5.12500, 9.27847,2080.91822,-2.25196,-0.00000,-0.00000,
19.50000,567.09562,-4795.80252,9841.87789, 5.78126,10.44623,-30.67489,504.15511, 3.57138, 0.01935,-0.17373, 0.09304, 0.40245,2080.91717,-2.25260, 0.01806, 0.00358, 4.73955, 8.93945,2080.91822,-2.25196,-0.00000,-0.00000,
19.60000,567.49155,-4822.85497,9847.88014, 5.76753,10.45530,-30.63465,503.76352, 3.57406, 0.01515,-0.15052, 0.08825, 0.40031,2080.91726,-2.25233, 0.01676, 0.00323, 4.35410, 8.60012,2080.91822,-2.25196,-0.00000,-0.00000,
19.70000,567.84833,-4849.87522,9853.88776, 5.75629,10.46388,-30.59476,503.37200, 3.57674, 0.01147,-0.12417, 0.08346, 0.39543,2080.91736,-2.25210, 0.01546, 0.00288, 3.96867, 8.26047,2080.91822,-2.25196,-0.00000,-0.00000,
19.80000,568.16595,-4876.86326,9859.90033, 5.74769,10.47199,-30.55548,502.98059, 3.57942, 0.00857,-0.09702, 0.07867, 0.38836,2080.91745,-2.25192, 0.01416, 0.00252, 3.58330, 7.92055,2080.91822,-2.25196,-0.00000,-0.00000,
19.90000,568.44445,-4903.81906,9865.91744, 5.74171,10.47962,-30.51699,502.58929, 3.58209, 0.00663,-0.07129, 0.07388, 0.37978,2080.91755,-2.25181, 0.01286, 0.00217, 3.19801, 7.58038,2080.91822,-2.25196,-0.00000,-0.00000,
20.00000,568.68382,-4930.74264,9871.93866, 5.73809,10.48677,-30.47940,502.19815, 3.58476, 0.00575,-0.04897, 0.06910, 0.37045,2080.91764,-2.25176, 0.01156, 0.00182, 2.81282, 7.23997,2080.91822,-2.25196,-0.00000,-0.00000,
