
time,npos,epos,alt,phi,theta,psi,vel,alpha,beta,p,q,r,nx,ny,nz,mach,qbar,ps,thrust,ele,ail,rud

 0.00000, 0.00000, 0.00000,10000.00000, 0.00000, 3.66107, 0.00000,500.00000, 3.66107, 0.00000, 0.00000, 0.00000, 0.00000,2110.32836,-2.02784,-0.08632, 0.06835, 5.13523, 1.00000,2110.32836,-2.02784,-0.08632, 0.06835,
 0.10000, 0.00000, 0.00000,10000.00000, 0.00000, 3.66107, 0.00000,500.00000, 3.66107, 0.00000, 0.00000, 0.00000, 0.00000,2110.32836,-2.02784,-0.08632, 0.06835, 5.13523, 1.00000,2110.32836,-2.02784,-0.08632, 0.06835,
 0.20000, 0.00000, 0.00000,10000.00000, 0.00000, 3.66107, 0.00000,500.00000, 3.66107, 0.00000, 0.00000, 0.00000, 0.00000,2110.32836,-2.02784,-0.08632, 0.06835, 5.13523, 1.00000,2110.32836,-2.02784,-0.08632, 0.06835,
 0.30000, 0.00000, 0.00000,10000.00000, 0.00000, 3.66107, 0.00000,500.00000, 3.66107, 0.00000, 0.00000, 0.00000, 0.00000,2110.32836,-2.02784,-0.08632, 0.06835, 5.13523, 1.00000,2110.32836,-2.02784,-0.08632, 0.06835,
 0.40000, 0.00000, 0.00000,10000.00000, 0.00000, 3.66107, 0.00000,500.00000, 3.66107, 0.00000, 0.00000, 0.00000, 0.00000,2110.32836,-2.02784,-0.08632, 0.06835, 5.13523, 1.00000,2110.32836,-2.02784,-0.08632, 0.06835,
 0.50000, 0.00000, 0.00000,10000.00000, 0.00000, 3.66107, 0.00000,500.00000, 3.66107, 0.00000, 0.00000, 0.00000, 0.00000,2110.32836,-2.02784,-0.08632, 0.06835, 5.13523, 1.00000,2110.32836,-2.02784,-0.08632, 0.06835,
 0.60000, 0.00000, 0.00000,10000.00000, 0.00000, 3.66107, 0.00000,500.00000, 3.66107, 0.00000, 0.00000, 0.00000, 0.00000,2110.32836,-2.02784,-0.08632, 0.06835, 5.13523, 1.00000,2110.32836,-2.02784,-0.08632, 0.06835,
 0.70000, 0.00000, 0.00000,10000.00000, 0.00000, 3.66107, 0.00000,500.00000, 3.66107, 0.00000, 0.00000, 0.00000, 0.00000,2110.32836,-2.02784,-0.08632, 0.06835, 5.13523, 1.00000,2110.32836,-2.02784,-0.08632, 0.06835,
 0.80000, 0.00000, 0.00000,10000.00000, 0.00000, 3.66107, 0.00000,500.00000, 3.66107, 0.00000, 0.00000, 0.00000, 0.00000,2110.32836,-2.02784,-0.08632, 0.06835, 5.13523, 1.00000,2110.32836,-2.02784,-0.08632, 0.06835,
 0.90000, 0.00000, 0.00000,10000.00000, 0.00000, 3.66107, 0.00000,500.00000, 3.66107, 0.00000, 0.00000, 0.00000, 0.00000,2110.32836,-2.02784,-0.08632, 0.06835, 5.13523, 1.00000,2110.32836,-2.02784,-0.08632, 0.06835,
 1.00000, 0.00000, 0.00000,10000.00000, 0.00000, 3.66107, 0.00000,500.00000, 3.66107, 0.00000, 0.00000, 0.00000, 0.00000,2110.32846,-2.02741,-0.08562, 0.06835, 5.13523, 1.00000,2110.32836, 7.97216,11.91368,12.06835,
 1.10000, 0.00147, 0.01071,10000.01485,-0.58155, 3.49077,-0.09916,500.04051, 3.45154, 0.09331,-14.69031,-4.40909,-2.56951,2110.35375,-1.89958, 0.01491, 0.06839, 5.17073, 0.99916,2110.32836, 7.97216,11.91368,12.06835,
 1.20000, 0.00997, 0.05543,10000.05419,-3.12847, 2.71503,-0.55453,500.13968, 2.68013, 0.42274,-35.43066,-11.11549,-6.53352,2110.34309,-1.90643,-0.24307, 0.06848, 5.25762, 0.99694,2110.32836, 7.97216,11.91368,12.06835,
 1.30000, 0.03195, 0.12009,10000.04029,-7.66287, 1.28426,-1.39953,500.31547, 1.37463, 0.98346,-53.70681,-17.37372,-10.25638,2110.32247,-1.94063,-0.62610, 0.06865, 5.41222, 0.99772,2110.32836, 7.97216,11.91368,12.06835,
 1.40000, 0.07667, 0.16879,9999.85103,-13.91672,-0.73175,-2.59217,500.59948,-0.36029, 1.73242,-69.49683,-22.80061,-13.45004,2110.29668,-1.98570,-1.08183, 0.06891, 5.66313, 1.00842,2110.32836, 7.97216,11.91368,12.06835,
 1.50000, 0.15643, 0.15220,9999.34021,-21.67527,-3.24648,-4.07449,501.02069,-2.41629, 2.61208,-83.54537,-27.34754,-16.03011,2110.26750,-2.03727,-1.58444, 0.06930, 6.03685, 1.03730,2110.32836, 7.97216,11.91368,-11.93165,
 1.60000, 0.28619,-0.00538,9998.34642,-31.04299,-6.17247,-5.64285,501.60329,-4.69247, 3.35399,-102.99056,-31.03137,-14.32339,2110.23618,-2.27453,-2.11350, 0.06984, 6.55573, 1.09349,2110.32836, 7.97216,11.91368,-11.93165,
 1.70000, 0.48312,-0.41232,9996.69961,-42.44163,-9.42534,-6.86726,502.36671,-7.09801, 3.51765,-122.79491,-33.89349,-10.00058,2110.20379,-2.29780,-2.65130, 0.07055, 7.23803, 1.18659,2110.32836, 7.97216,11.91368,-11.93165,
 1.80000, 0.76606,-1.14320,9994.22683,-55.56963,-12.92566,-7.64473,503.32581,-9.55308, 3.04917,-137.88840,-35.99094,-5.56839,2110.17126,-2.25944,-3.18289, 0.07143, 8.09799, 1.32639,2110.32836, 7.97216,11.91368,-11.93165,
 1.90000, 1.15516,-2.25959,9990.75708,-69.91096,-16.60031,-8.00109,504.49113,-11.98920, 2.01486,-147.57903,-37.39208,-1.66396,2110.13939,-2.18472,-3.69592, 0.07251, 9.14605, 1.52255,2110.32836, 7.97216,11.91368,-11.93165,
 2.00000, 1.67139,-3.81779,9986.12522,-84.93158,-20.38339,-8.00687,505.86928,-14.34923, 0.52474,-151.97011,-38.17258, 1.38542,2110.10884,-2.08328,-4.18043, 0.07378,10.38917, 1.78441,2110.32836, 7.97216,11.91368, 0.06835,
 2.10000, 2.33622,-5.86145,9980.17528,-100.00032,-24.21679,-7.82942,507.46339,-16.58707,-1.18442,-148.19125,-38.41216, 1.54452,2110.08014,-1.87260,-4.62887, 0.07525,11.83115, 2.12079,2110.32836, 7.97216,11.91368, 0.06835,
 2.20000, 3.17127,-8.41740,9972.76281,-114.40377,-28.05051,-7.76536,509.27348,-18.66706,-2.77776,-139.56497,-38.19252,-0.47424,2110.05369,-1.75991,-5.03589, 0.07692,13.47302, 2.53986,2110.32836, 7.97216,11.91368, 0.06835,
 2.30000, 4.19803,-11.52848,9963.75669,-127.87530,-31.84269,-7.95636,511.29702,-20.56334,-4.11043,-129.50979,-37.59444,-3.46538,2110.02976,-1.67644,-5.39795, 0.07878,15.31345, 3.04902,2110.32836, 7.97216,11.91368, 0.06835,
 2.40000, 5.43763,-15.24317,9953.04022,-140.34684,-35.55938,-8.48084,513.52940,-22.25897,-5.10261,-119.30821,-36.69542,-7.08657,2110.00852,-1.61651,-5.71319, 0.08084,17.34920, 3.65488,2110.32836, 7.97216,11.91368, 0.06835,
 2.50000, 6.91067,-19.61212,9940.51176,-151.85381,-39.17416,-9.38922,515.96445,-23.74494,-5.70862,-109.86212,-35.56804,-11.08645,2109.99005,-1.58120,-5.98123, 0.08308,19.57554, 4.36318,2110.32836, 7.97216,11.91368, 0.06835,
 2.60000, 8.63703,-24.68850,9926.08483,-162.51076,-42.66760,-10.70706,518.59482,-25.01909,-5.91357,-101.89005,-34.27885,-15.21818,2109.97432,-1.57089,-6.20294, 0.08549,21.98660, 5.17880,2110.32836, 7.97216,11.91368, 0.06835,
 2.70000,10.63587,-30.52873,9909.68788,-172.49354,-46.02654,-12.43550,521.41238,-26.08509,-5.73165,-95.92743,-32.88750,-19.24352,2109.96126,-1.58437,-6.38021, 0.08808,24.57574, 6.10581,2110.32836, 7.97216,11.91368, 0.06835,
 2.80000,12.92546,-37.19310,9891.26365,-182.02028,-49.24345,-14.55285,524.40856,-26.95133,-5.20314,-92.31205,-31.44633,-22.94720,2109.95072,-1.61887,-6.51571, 0.09083,27.33581, 7.14742,2110.32836, 7.97216,11.91368, 0.06835,
 2.90000,15.52325,-44.74607,9870.76833,-191.33151,-52.31564,-17.01755,527.57466,-27.62997,-4.38984,-91.17932,-30.00009,-26.15013,2109.94254,-1.67038,-6.61274, 0.09374,30.25946, 8.30613,2110.32836, 7.97216,11.91368, 0.06835,
 3.00000,18.44577,-53.25637,9848.17050,-200.67042,-55.24454,-19.77235,530.90206,-28.13596,-3.36932,-92.47032,-28.58602,-28.71948,2109.93630,-1.73425,-6.67638, 0.09679,33.33934, 9.58370,2110.32836,-12.02784,-12.08632, 0.06835,
 3.10000,21.70582,-62.80215,9823.42023,-208.84897,-57.69432,-22.69138,534.30142,-28.06715,-2.21106,-59.98865,-18.41615,-29.08087,2109.88158,-1.87613,-6.90900, 0.09990,36.49728,10.98296,2110.32836,-12.02784,-12.08632, 0.06835,
 3.20000,25.30716,-73.46596,9796.48792,-212.76869,-58.80225,-25.55312,537.72838,-26.73685,-0.91563,-15.97732,-3.73892,-27.89778,2109.90042,-1.96240,-6.39831, 0.10304,39.69448,12.50558,2110.32836,-12.02784,-12.08632, 0.06835,
 3.30000,29.25098,-85.29891,9767.52717,-212.75418,-58.47884,-28.25918,541.13954,-24.21934, 0.43221,17.85114, 9.93560,-26.00645,2109.94061,-2.04682,-5.61535, 0.10615,42.89175,14.14288,2110.32836,-12.02784,-12.08632, 0.06835,
 3.40000,33.53220,-98.32851,9736.78753,-209.87554,-56.87502,-30.74435,544.46489,-20.74276, 1.72095,41.35676,21.82835,-23.49570,2109.99232,-2.12960,-4.66865, 0.10919,46.02584,15.88075,2110.32836,-12.02784,-12.08632, 0.06835,
 3.50000,38.13896,-112.56552,9704.57258,-205.04951,-54.17615,-32.94903,547.64049,-16.54216, 2.84943,56.83967,31.83523,-20.42089,2110.05175,-2.20482,-3.61358, 0.11208,49.03845,17.70203,2110.32836,-12.02784,-12.08632, 0.06835,
 3.60000,43.05351,-128.00722,9671.22113,-198.95961,-50.56981,-34.82146,550.61290,-11.83686, 3.73627,66.56087,39.98888,-16.88576,2110.11616,-2.26700,-2.49401, 0.11478,51.88031,19.58756,2110.32836,-12.02784,-12.08632, 0.06835,
 3.70000,48.25333,-144.63960,9637.09297,-192.08010,-46.23721,-36.32263,553.33938,-6.82477, 4.32426,72.45001,46.37855,-13.03848,2110.18320,-2.31214,-1.34777, 0.11725,54.51135,21.51700,2110.32836,-12.02784,-12.08632, 0.06835,
 3.80000,53.71209,-162.43866,9602.55664,-184.71077,-41.34875,-37.42994,555.78725,-1.67999, 4.58245,76.09028,51.12949,-9.05553,2110.25084,-2.33796,-0.20729, 0.11947,56.90034,23.46951,2110.32836,-12.02784,-12.08632, 0.06835,
 3.90000,59.40070,-181.37147,9567.97900,-177.01092,-36.06098,-38.13917,557.93312, 3.44818, 4.50626,78.73393,54.39104,-5.12426,2110.31733,-2.34391, 0.90032, 0.12140,59.02418,25.42437,2110.32836,-12.02784,-12.08632, 0.06835,
 4.00000,65.28814,-201.39682,9533.71645,-169.03163,-30.51472,-38.46470,559.76184, 8.43527, 4.11593,81.32066,56.32736,-1.42631,2110.38124,-2.33098, 1.95312, 0.12304,60.86711,27.36140,2110.32836,-12.02784,-12.08632, 0.06835,
 4.10000,71.34223,-222.46586,9500.10789,-160.74588,-24.83397,-38.43824,561.26555,13.18078, 3.45328,84.49851,57.10978, 1.87673,2110.44142,-2.30156, 2.93411, 0.12438,62.41989,29.26147,2110.32836,-12.02784,-12.08632, 0.06835,
 4.20000,77.53035,-244.52276,9467.46921,-152.07634,-19.12548,-38.10616,562.44260,17.60692, 2.57730,88.64925,56.91068, 4.65504,2110.49700,-2.25909, 3.83081, 0.12541,63.67891,31.10670,2110.32836,-12.02784,-12.08632, 0.06835,
 4.30000,83.81998,-267.50530,9436.08922,-142.92024,-13.47893,-37.52591,563.29661,21.65678, 1.55882,93.91929,55.89857, 6.81882,2110.54737,-2.20774, 4.63492, 0.12615,64.64533,32.88077,2110.32836,-12.02784,-12.08632, 0.06835,
 4.40000,90.17916,-291.34573,9406.22705,-133.17090,-7.96749,-36.76169,563.83542,25.29235, 0.47480,100.25604,54.23424, 8.32297,2110.59216,-2.15207, 5.34175, 0.12660,65.32430,34.56903,2110.32836,-12.02784,-12.08632, 0.06835,
 4.50000,96.57693,-315.97157,9378.11050,-122.73527,-2.64880,-35.87997,564.07025,28.49229,-0.59753,107.44893,52.06785, 9.16817,2110.63119,-2.09664, 5.94984, 0.12677,65.72409,36.15861,2110.32836,-12.02784,-12.08632, 0.06835,
 4.60000,102.98354,-341.30658,9351.93567,-111.54731, 2.43394,-34.94489,564.01483,31.24971,-1.58603,115.17326,49.53690, 9.39844,2110.66445,-2.04568, 6.46036, 0.12667,65.85542,37.63840,2110.32836,-12.02784,-12.08632, 0.06835,
 4.70000,109.37073,-367.27177,9327.86726,-99.57688, 7.25056,-34.01427,563.68462,33.56990,-2.42837,123.03491,46.76480, 9.09589,2110.69209,-2.00283, 6.87673, 0.12632,65.73075,38.99911,2110.32836,-12.02784,-12.08632, 0.06835,
 4.80000,115.71185,-393.78634,9306.03965,-86.83427,11.78250,-33.13606,563.09617,35.46819,-3.07577,130.61376,43.86018, 8.37288,2110.71436,-1.97093, 7.20412, 0.12573,65.36372,40.23314,2110.32836,-12.02784,-12.08632, 0.06835,
 4.90000,121.98193,-420.76869,9286.55861,-73.37062,16.02131,-32.34587,562.26656,36.96782,-3.49549,137.50343,40.91664, 7.36266,2110.73162,-1.95180, 7.44902, 0.12493,64.76856,41.33451,2110.32836,-12.02784,-12.08632, 0.06835,
 5.00000,128.15769,-448.13731,9269.50331,-59.27467,19.96717,-31.66531,561.21281,38.09807,-3.67212,143.34553,38.01298, 6.20902,2110.74437,-1.94617, 7.61959, 0.12392,63.95974,42.29873,2110.32836,-2.02784,-0.08632, 0.06835,
 5.10000,134.21904,-475.80876,9254.94363,-45.37441,23.45710,-31.13045,559.99211,38.68299,-3.61624,129.87522,30.80478, 4.30891,2110.77817,-1.91830, 7.82312, 0.12276,62.98702,43.12186,2110.32836,-2.02784,-0.08632, 0.06835,
 5.20000,140.15160,-503.70066,9242.92269,-33.46027,26.06914,-30.80850,558.63862,38.40650,-3.39031,108.21359,21.45586, 2.14132,2110.77237,-1.93110, 7.60980, 0.12148,61.88012,43.80147,2110.32836,-2.02784,-0.08632, 0.06835,
 5.30000,145.94343,-531.74964,9233.37742,-23.60242,27.77143,-30.69255,557.18532,37.33414,-3.02668,89.37419,12.75164, 0.22706,2110.75344,-1.95315, 7.22158, 0.12012,60.66848,44.34111,2110.32836,-2.02784,-0.08632, 0.06835,
 5.40000,151.58685,-559.90731,9226.18429,-15.47488,28.65493,-30.75120,555.67767,35.60862,-2.55038,73.72273, 5.10364,-1.33534,2110.72668,-1.97951, 6.71903, 0.11870,59.39289,44.74777,2110.32836,-2.02784,-0.08632, 0.06835,
 5.50000,157.07854,-588.13643,9221.18228,-8.79285,28.82965,-30.94730,554.15710,33.37564,-1.99173,60.51533,-1.42158,-2.51311,2110.69435,-2.00836, 6.13593, 0.11728,58.09087,45.03056,2110.32836,-2.02784,-0.08632, 0.06835,
 5.60000,162.41902,-616.40870,9218.18424,-3.34350,28.40780,-31.24161,552.65878,30.77198,-1.38559,49.10400,-6.83241,-3.29539,2110.65816,-2.03805, 5.49992, 0.11589,56.79462,45.20006,2110.32836,-2.02784,-0.08632, 0.06835,
 5.70000,167.61201,-644.70304,9216.98586, 1.03150,27.49892,-31.59473,551.21147,27.92216,-0.76863,39.04549,-11.17124,-3.68931,2110.61960,-2.06686, 4.83521, 0.11454,55.53082,45.26781,2110.32836,-2.02784,-0.08632, 0.06835,
 5.80000,172.66378,-673.00410,9217.37349, 4.45515,26.20713,-31.96883,549.83783,24.93692,-0.17667,30.07108,-14.50330,-3.71977,2110.58000,-2.09307, 4.16282, 0.11327,54.32087,45.24590,2110.32836,-2.02784,-0.08632, 0.06835,
 5.90000,177.58260,-701.30105,9219.13090, 7.03026,24.62913,-32.32944,548.55483,21.91243, 0.35788,22.04337,-16.90988,-3.42824,2110.54049,-2.11515, 3.50060, 0.11208,53.18116,45.14654,2110.32836,-2.02784,-0.08632, 0.06835,
 6.00000,182.37817,-729.58650,9222.04504, 8.85048,22.85294,-32.64697,547.37432,18.93016, 0.80802,14.91621,-18.48287,-2.87026,2110.50202,-2.13184, 2.86323, 0.11099,52.12356,44.98179,2110.32836,-2.02784,-0.08632, 0.06835,
 6.10000,187.06112,-757.85557,9225.91079,10.00753,20.95707,-32.89796,546.30352,16.05720, 1.15375, 8.69975,-19.32033,-2.11185,2110.46538,-2.14229, 2.26240, 0.11000,51.15585,44.76324,2110.32836,-2.02784,-0.08632, 0.06835,
 6.20000,191.64264,-786.10507,9230.53472,10.59527,19.01005,-33.06591,545.34570,13.34686, 1.38300, 3.43112,-19.52268,-1.22519,2110.43117,-2.14605, 1.70698, 0.10912,50.28221,44.50182,2110.32836,-2.02784,-0.08632, 0.06835,
 6.30000,196.13403,-814.33290,9235.73796,10.71114,17.07038,-33.14168,544.50064,10.83964, 1.49198,-0.84950,-19.18969,-0.28400,2110.39983,-2.14314, 1.20326, 0.10834,49.50371,44.20766,2110.32836,-2.02784,-0.08632, 0.06835,
 6.40000,200.54643,-842.53744,9241.35823,10.45550,15.18673,-33.12338,543.76533, 8.56434, 1.48490,-4.11695,-18.41802, 0.64106,2110.37167,-2.13402, 0.75519, 0.10767,48.81878,43.88991,2110.32836,-2.02784,-0.08632, 0.06835,
 6.50000,204.89057,-870.71717,9247.25114, 9.92951,13.39833,-33.01588,543.13440, 6.53921, 1.37317,-6.37373,-17.29931, 1.48652,2110.34687,-2.11954, 0.36472, 0.10709,48.22372,43.55676,2110.32836,-2.02784,-0.08632, 0.06835,
 6.60000,209.17655,-898.87037,9253.29081, 9.23198,11.73559,-32.82990,542.60071, 4.77329, 1.17418,-7.65725,-15.91868, 2.19968,2110.32549,-2.10083, 0.03200, 0.10661,47.71313,43.21530,2110.32836,-2.02784,-0.08632, 0.06835,
 6.70000,213.41368,-926.99492,9259.36994, 8.45584,10.22073,-32.58079,542.15581, 3.26770, 0.90972,-8.04221,-14.35374, 2.74114,2110.30749,-2.07928,-0.24425, 0.10621,47.28029,42.87162,2110.32836,-2.02784,-0.08632, 0.06835,
 6.80000,217.61036,-955.08825,9265.39939, 7.68452, 8.86866,-32.28712,541.79032, 2.01690, 0.60423,-7.63867,-12.67392, 3.08643,2110.29277,-2.05638,-0.46651, 0.10588,46.91758,42.53074,2110.32836,-2.02784,-0.08632, 0.06835,
 6.90000,221.77406,-983.14732,9271.30739, 6.98880, 7.68774,-31.96912,541.49437, 1.00992, 0.28296,-6.58660,-10.94006, 3.22648,2110.28116,-2.03361,-0.63822, 0.10561,46.61684,42.19673,2110.32836,-2.02784,-0.08632, 0.06835,
 7.00000,225.91122,-1011.16872,9277.03848, 6.42430, 6.68070,-31.64718,541.25789, 0.23155,-0.02979,-5.04777,-9.20437, 3.16709,2110.27242,-2.01238,-0.76349, 0.10540,46.36957,41.87273,2110.32836,-2.02784,-0.08632, 0.06835,
 7.10000,230.02728,-1039.14880,9282.55211, 6.02982, 5.84546,-31.34044,541.07090,-0.33658,-0.31224,-3.19600,-7.51051, 2.92740,2110.26630,-1.99391,-0.84691, 0.10524,46.16730,41.56101,2110.32836,-2.02784,-0.08632, 0.06835,
 7.20000,234.12673,-1067.08384,9287.82126, 5.82682, 5.17601,-31.06552,540.92377,-0.71508,-0.54641,-1.20654,-5.89398, 2.53763,2110.26253,-1.97918,-0.89338, 0.10511,46.00175,41.26312,2110.32836,-2.02784,-0.08632, 0.06835,
 7.30000,238.21306,-1094.97026,9292.83078, 5.81978, 4.66316,-30.83561,540.80737,-0.92585,-0.71911, 0.75428,-4.38252, 2.03614,2110.26081,-1.96884,-0.90787, 0.10501,45.86498,40.97991,2110.32836,-2.02784,-0.08632, 0.06835,
 7.40000,242.28894,-1122.80479,9297.57586, 5.99767, 4.29531,-30.65975,540.71322,-0.99138,-0.82245, 2.53849,-2.99672, 1.46629,2110.26084,-1.96325,-0.89537, 0.10493,45.74960,40.71164,2110.32836,-2.02784,-0.08632, 0.06835,
 7.50000,246.35619,-1150.58465,9302.06038, 6.33621, 4.05915,-30.54253,540.63362,-0.93406,-0.85402, 4.02437,-1.75066, 0.87302,2110.26234,-1.96240,-0.86070, 0.10487,45.64879,40.45811,2110.32836,-2.02784,-0.08632, 0.06835,
 7.60000,250.41592,-1178.30766,9306.29538, 6.80078, 3.94024,-30.48412,540.56170,-0.77568,-0.81667, 5.12212,-0.65262, 0.29967,2110.26503,-1.96599,-0.80844, 0.10481,45.55645,40.21868,2110.32836,-2.02784,-0.08632, 0.06835,
 7.70000,254.46859,-1205.97239,9310.29759, 7.34980, 3.92358,-30.48051,540.49147,-0.53692,-0.71790, 5.77722, 0.29419,-0.21491,2110.26863,-1.97345,-0.74284, 0.10475,45.46719,39.99242,2110.32836,-2.02784,-0.08632, 0.06835,
 7.80000,258.51410,-1233.57816,9314.08802, 7.93826, 3.99407,-30.52415,540.41779,-0.23710,-0.56903, 5.97122, 1.09087,-0.63872,2110.27292,-1.98399,-0.66779, 0.10469,45.37637,39.77813,2110.32836,-2.02784,-0.08632, 0.06835,
 7.90000,262.55189,-1261.12507,9317.69079, 8.52124, 4.13690,-30.60469,540.33642, 0.10615,-0.38414, 5.72013, 1.74213,-0.94834,2110.27767,-1.99667,-0.58678, 0.10462,45.28007,39.57444,2110.32836,-2.02784,-0.08632, 0.06835,
 8.00000,266.58101,-1288.61391,9321.13190, 9.05711, 4.33790,-30.70992,540.24393, 0.47702,-0.17886, 5.07064, 2.25557,-1.12998,2110.28269,-2.01048,-0.50285, 0.10454,45.17511,39.37990,2110.32836,-2.02784,-0.08632, 0.06835,
 8.10000,270.60021,-1316.04612,9324.43835, 9.51028, 4.58375,-30.82673,540.13768, 0.86162, 0.03076, 4.09453, 2.64105,-1.17973,2110.28780,-2.02441,-0.41862, 0.10444,45.05898,39.19297,2110.32836,-2.02784,-0.08632, 0.06835,
 8.20000,274.60802,-1343.42362,9327.63722, 9.85330, 4.86222,-30.94212,540.01574, 1.24801, 0.22948, 2.88183, 2.91002,-1.10318,2110.29287,-2.03750,-0.33628, 0.10434,44.92981,39.01212,2110.32836,-2.02784,-0.08632, 0.06835,
 8.30000,278.60280,-1370.74870,9330.75501,10.06824, 5.16229,-31.04406,539.87686, 1.62621, 0.40383, 1.53317, 3.07504,-0.91436,2110.29778,-2.04895,-0.25761, 0.10421,44.78630,38.83586,2110.32836,-2.02784,-0.08632, 0.06835,
 8.40000,282.58280,-1398.02382,9333.81704,10.14735, 5.47420,-31.12230,539.72032, 1.98809, 0.54294, 0.15201, 3.14921,-0.63417,2110.30242,-2.05809,-0.18398, 0.10407,44.62766,38.66274,2110.32836,-2.02784,-0.08632, 0.06835,
 8.50000,286.54626,-1425.25147,9336.84703,10.09289, 5.78954,-31.16896,539.54593, 2.32729, 0.63913,-1.16282, 3.14580,-0.28851,2110.30673,-2.06448,-0.11643, 0.10392,44.45355,38.49144,2110.32836,-2.02784,-0.08632, 0.06835,
 8.60000,290.49140,-1452.43400,9339.86672, 9.91632, 6.10121,-31.17890,539.35392, 2.63909, 0.68824,-2.32368, 3.07783, 0.09391,2110.31066,-2.06790,-0.05566, 0.10374,44.26401,38.32072,2110.32836,-2.02784,-0.08632, 0.06835,
 8.70000,294.41648,-1479.57349,9342.89571, 9.63689, 6.40338,-31.14990,539.14483, 2.92027, 0.68966,-3.25950, 2.95782, 0.48374,2110.31418,-2.06834,-0.00209, 0.10356,44.05942,38.14948,2110.32836,-2.02784,-0.08632, 0.06835,
 8.80000,298.31983,-1506.67164,9345.95125, 9.27978, 6.69143,-31.08264,538.91951, 3.16890, 0.64616,-3.91960, 2.79752, 0.85305,2110.31726,-2.06600, 0.04412, 0.10335,43.84036,37.97673,2110.32836,-2.02784,-0.08632, 0.06835,
 8.90000,302.19987,-1533.72970,9349.04826, 8.87394, 6.96190,-30.98045,538.67899, 3.38422, 0.56347,-4.27587, 2.60773, 1.17722,2110.31990,-2.06126, 0.08302, 0.10313,43.60767,37.80164,2110.32836,-2.02784,-0.08632, 0.06835,
 9.00000,306.05516,-1560.74843,9352.19928, 8.44986, 7.21232,-30.84889,538.42444, 3.56643, 0.44967,-4.32318, 2.39817, 1.43637,2110.32211,-2.05464, 0.11484, 0.10290,43.36227,37.62350,2110.32836,-2.02784,-0.08632, 0.06835,
 9.10000,309.88434,-1587.72807,9355.41459, 8.03729, 7.44116,-30.69524,538.15714, 3.71657, 0.31450,-4.07823, 2.17743, 1.61647,2110.32392,-2.04673, 0.13992, 0.10266,43.10522,37.44172,2110.32836,-2.02784,-0.08632, 0.06835,
 9.20000,313.68620,-1614.66840,9358.70229, 7.66327, 7.64768,-30.52784,537.87837, 3.83628, 0.16856,-3.57692, 1.95289, 1.70992,2110.32534,-2.03821, 0.15876, 0.10241,42.83760,37.25585,2110.32836,-2.02784,-0.08632, 0.06835,
 9.30000,317.45967,-1641.56877,9362.06846, 7.35044, 7.83182,-30.35549,537.58946, 3.92772, 0.02252,-2.87062, 1.73078, 1.71561,2110.32640,-2.02970, 0.17189, 0.10214,42.56052,37.06555,2110.32836,-2.02784,-0.08632, 0.06835,
 9.40000,321.20380,-1668.42823,9365.51737, 7.11570, 7.99409,-30.18678,537.29166, 3.99339,-0.11362,-2.02150, 1.51618, 1.63861,2110.32715,-2.02183, 0.17991, 0.10187,42.27506,36.87056,2110.32836,-2.02784,-0.08632, 0.06835,
 9.50000,324.91775,-1695.24555,9369.05162, 6.96945, 8.13544,-30.02952,536.98619, 4.03603,-0.23120,-1.09760, 1.31309, 1.48939,2110.32761,-2.01509, 0.18344, 0.10160,41.98228,36.67075,2110.32836,-2.02784,-0.08632, 0.06835,
 9.60000,328.60082,-1722.01941,9372.67236, 6.91531, 8.25719,-29.89022,536.67419, 4.05848,-0.32337,-0.16766, 1.12452, 1.28275,2110.32783,-2.00990, 0.18312, 0.10131,41.68315,36.46605,2110.32836,-2.02784,-0.08632, 0.06835,
 9.70000,332.25241,-1748.74845,9376.37953, 6.95028, 8.36090,-29.77377,536.35669, 4.06362,-0.38547, 0.70365, 0.95258, 1.03648,2110.32784,-2.00652, 0.17957, 0.10102,41.37860,36.25647,2110.32836,-2.02784,-0.08632, 0.06835,
 9.80000,335.87201,-1775.43139,9380.17200, 7.06541, 8.44831,-29.68317,536.03463, 4.05427,-0.41521, 1.45995, 0.79858, 0.76997,2110.32769,-2.00506, 0.17339, 0.10073,41.06946,36.04206,2110.32836,-2.02784,-0.08632, 0.06835,
 9.90000,339.45921,-1802.06713,9384.04779, 7.24678, 8.52124,-29.61948,535.70884, 4.03313,-0.41269, 2.05650, 0.66315, 0.50275,2110.32739,-2.00550, 0.16512, 0.10044,40.75646,35.82294,2110.32836,-2.02784,-0.08632, 0.06835,
10.00000,343.01367,-1828.65480,9388.00426, 7.47682, 8.58156,-29.58183,535.38005, 4.00272,-0.38018, 2.46251, 0.54635, 0.25312,2110.32699,-2.00769, 0.15530, 0.10014,40.44027,35.59926,2110.32836,-2.02784,-0.08632, 0.06835,
10.10000,346.53514,-1855.19382,9392.03825, 7.73571, 8.63112,-29.56763,535.04887, 3.96539,-0.32188, 2.66237, 0.44776, 0.03698,2110.32651,-2.01136, 0.14439, 0.09984,40.12145,35.37120,2110.32836,-2.02784,-0.08632, 0.06835,
10.20000,350.02338,-1881.68392,9396.14627, 8.00296, 8.67169,-29.57287,534.71582, 3.92325,-0.24349, 2.65571, 0.36657,-0.13312,2110.32599,-2.01615, 0.13280, 0.09954,39.80048,35.13895,2110.32836,-2.02784,-0.08632, 0.06835,
10.30000,353.47825,-1908.12515,9400.32459, 8.25883, 8.70498,-29.59248,534.38132, 3.87815,-0.15168, 2.45642, 0.30172,-0.24862,2110.32544,-2.02167, 0.12091, 0.09923,39.47775,34.90273,2110.32836,-2.02784,-0.08632, 0.06835,
10.40000,356.89961,-1934.51785,9404.56939, 8.48563, 8.73254,-29.62073,534.04571, 3.83172,-0.05363, 2.09074, 0.25191,-0.30525,2110.32488,-2.02747, 0.10902, 0.09893,39.15358,34.66275,2110.32836,-2.02784,-0.08632, 0.06835,
10.50000,360.28736,-1960.86261,9408.87686, 8.66884, 8.75581,-29.65169,533.70923, 3.78536, 0.04354, 1.59466, 0.21573,-0.30310,2110.32432,-2.03313, 0.09740, 0.09862,38.82823,34.41923,2110.32836,-2.02784,-0.08632, 0.06835,
10.60000,363.64144,-1987.16023,9413.24324, 8.79787, 8.77609,-29.67964,533.37208, 3.74020, 0.13324, 1.01077, 0.19168,-0.24628,2110.32380,-2.03828, 0.08625, 0.09832,38.50187,34.17237,2110.32836,-2.02784,-0.08632, 0.06835,
10.70000,366.96176,-2013.41163,9417.66497, 8.86655, 8.79450,-29.69947,533.03437, 3.69719, 0.20985, 0.38491, 0.17825,-0.14237,2110.32330,-2.04257, 0.07574, 0.09801,38.17465,33.92239,2110.32836,-2.02784,-0.08632, 0.06835,
10.80000,370.24829,-2039.61782,9422.13865, 8.87324, 8.81204,-29.70694,532.69617, 3.65704, 0.26899,-0.23724, 0.17391,-0.00170,2110.32285,-2.04578, 0.06599, 0.09771,37.84662,33.66947,2110.32836,-2.02784,-0.08632, 0.06835,
10.90000,373.50098,-2065.77977,9426.66115, 8.82067, 8.82954,-29.69899,532.35748, 3.62029, 0.30781,-0.81326, 0.17722, 0.16356,2110.32244,-2.04774, 0.05709, 0.09740,37.51785,33.41379,2110.32836,-2.02784,-0.08632, 0.06835,
11.00000,376.71977,-2091.89841,9431.22960, 8.71546, 8.84769,-29.67378,532.01829, 3.58732, 0.32503,-1.30672, 0.18679, 0.34038,2110.32209,-2.04840, 0.04909, 0.09709,37.18831,33.15551,2110.32836,-2.02784,-0.08632, 0.06835,
11.10000,379.90462,-2117.97455,9435.84142, 8.56739, 8.86706,-29.63082,531.67855, 3.55834, 0.32092,-1.68929, 0.20129, 0.51579,2110.32179,-2.04779, 0.04200, 0.09678,36.85799,32.89478,2110.32836,-2.02784,-0.08632, 0.06835,
11.20000,383.05546,-2144.00882,9440.49434, 8.38851, 8.88808,-29.57086,531.33817, 3.53346, 0.29723,-1.94212, 0.21953, 0.67779,2110.32154,-2.04603, 0.03582, 0.09648,36.52682,32.63173,2110.32836,-2.02784,-0.08632, 0.06835,
11.30000,386.17223,-2170.00165,9445.18637, 8.19221, 8.91105,-29.49578,530.99704, 3.51266, 0.25692,-2.05656, 0.24039, 0.81609,2110.32135,-2.04333, 0.03052, 0.09617,36.19474,32.36646,2110.32836,-2.02784,-0.08632, 0.06835,
11.40000,389.25484,-2195.95329,9449.91579, 7.99215, 8.93621,-29.40837,530.65506, 3.49584, 0.20389,-2.03405, 0.26289, 0.92274,2110.32121,-2.03992, 0.02607, 0.09586,35.86164,32.09908,2110.32836,-2.02784,-0.08632, 0.06835,
11.50000,392.30321,-2221.86376,9454.68118, 7.80135, 8.96366,-29.31209,530.31211, 3.48280, 0.14267,-1.88534, 0.28613, 0.99250,2110.32111,-2.03608, 0.02239, 0.09555,35.52744,31.82967,2110.32836,-2.02784,-0.08632, 0.06835,
11.60000,395.31723,-2247.73289,9459.48134, 7.63129, 8.99343,-29.21078,529.96804, 3.47331, 0.07802,-1.62914, 0.30934, 1.02300,2110.32106,-2.03210, 0.01943, 0.09524,35.19202,31.55829,2110.32836,-2.02784,-0.08632, 0.06835,
11.70000,398.29677,-2273.56037,9464.31533, 7.49129, 9.02550,-29.10837,529.62273, 3.46708, 0.01463,-1.29030, 0.33185, 1.01474,2110.32105,-2.02826, 0.01711, 0.09493,34.85527,31.28500,2110.32836,-2.02784,-0.08632, 0.06835,
11.80000,401.24173,-2299.34575,9469.18240, 7.38793, 9.05976,-29.00860,529.27605, 3.46379,-0.04320,-0.89770, 0.35311, 0.97087,2110.32108,-2.02482, 0.01535, 0.09461,34.51710,31.00984,2110.32836,-2.02784,-0.08632, 0.06835,
11.90000,404.15194,-2325.08852,9474.08198, 7.32488, 9.09607,-28.91481,528.92789, 3.46311,-0.09187,-0.48197, 0.37267, 0.89676,2110.32114,-2.02198, 0.01406, 0.09430,34.17740,30.73285,2110.32836,-2.02784,-0.08632, 0.06835,
12.00000,407.02725,-2350.78811,9479.01366, 7.30273, 9.13423,-28.82966,528.57813, 3.46467,-0.12865,-0.07328, 0.39016, 0.79950,2110.32123,-2.01989, 0.01317, 0.09398,33.83608,30.45403,2110.32836,-2.02784,-0.08632, 0.06835,
12.10000,409.86750,-2376.44399,9483.97714, 7.31926, 9.17402,-28.75508,528.22667, 3.46813,-0.15179, 0.30072, 0.40533, 0.68732,2110.32134,-2.01865, 0.01261, 0.09366,33.49304,30.17342,2110.32836,-2.02784,-0.08632, 0.06835,
12.20000,412.67252,-2402.05567,9488.97226, 7.36971, 9.21521,-28.69212,527.87343, 3.47315,-0.16063, 0.61661, 0.41802, 0.56890,2110.32147,-2.01829, 0.01229, 0.09334,33.14822,29.89102,2110.32836,-2.02784,-0.08632, 0.06835,
12.30000,415.44213,-2427.62276,9493.99890, 7.44733, 9.25754,-28.64099,527.51833, 3.47939,-0.15552, 0.85656, 0.42812, 0.45278,2110.32162,-2.01876, 0.01214, 0.09302,32.80154,29.60684,2110.32836,-2.02784,-0.08632, 0.06835,
12.40000,418.17613,-2453.14498,9499.05703, 7.54392, 9.30075,-28.60104,527.16131, 3.48653,-0.13777, 1.00918, 0.43564, 0.34677,2110.32177,-2.01998, 0.01211, 0.09270,32.45297,29.32088,2110.32836,-2.02784,-0.08632, 0.06835,
12.50000,420.87433,-2478.62218,9504.14663, 7.65056, 9.34458,-28.57094,526.80235, 3.49429,-0.10946, 1.06985, 0.44062, 0.25744,2110.32193,-2.02181, 0.01214, 0.09238,32.10247,29.03314,2110.32836,-2.02784,-0.08632, 0.06835,
12.60000,423.53653,-2504.05436,9509.26772, 7.75823, 9.38879,-28.54873,526.44140, 3.50241,-0.07325, 1.04060, 0.44319, 0.18979,2110.32210,-2.02409, 0.01218, 0.09205,31.75001,28.74362,2110.32836,-2.02784,-0.08632, 0.06835,
12.70000,426.16254,-2529.44164,9514.42031, 7.85843, 9.43314,-28.53207,526.07846, 3.51066,-0.03219, 0.92953, 0.44351, 0.14697,2110.32226,-2.02663, 0.01219, 0.09172,31.39558,28.45231,2110.32836,-2.02784,-0.08632, 0.06835,
12.80000,428.75216,-2554.78430,9519.60440, 7.94378, 9.47743,-28.51840,525.71354, 3.51884, 0.01055, 0.74984, 0.44179, 0.13022,2110.32243,-2.02923, 0.01214, 0.09139,31.03919,28.15923,2110.32836,-2.02784,-0.08632, 0.06835,
12.90000,431.30518,-2580.08268,9524.81999, 8.00840, 9.52144,-28.50512,525.34664, 3.52679, 0.05189, 0.51857, 0.43826, 0.13888,2110.32259,-2.03171, 0.01200, 0.09106,30.68085,27.86437,2110.32836,-2.02784,-0.08632, 0.06835,
13.00000,433.82142,-2605.33721,9530.06702, 8.04825, 9.56503,-28.48979,524.97781, 3.53437, 0.08908, 0.25519, 0.43318, 0.17061,2110.32274,-2.03390, 0.01175, 0.09073,30.32059,27.56772,2110.32836,-2.02784,-0.08632, 0.06835,
13.10000,436.30068,-2630.54839,9535.34543, 8.06127, 9.60803,-28.47028,524.60706, 3.54149, 0.11980,-0.01994, 0.42680, 0.22160,2110.32289,-2.03568, 0.01137, 0.09039,29.95844,27.26931,2110.32836,-2.02784,-0.08632, 0.06835,
13.20000,438.74277,-2655.71671,9540.65509, 8.04740, 9.65035,-28.44490,524.23446, 3.54808, 0.14236,-0.28700, 0.41939, 0.28700,2110.32303,-2.03694, 0.01087, 0.09005,29.59443,26.96913,2110.32836,-2.02784,-0.08632, 0.06835,
13.30000,441.14751,-2680.84266,9545.99585, 8.00843, 9.69189,-28.41247,523.86004, 3.55408, 0.15573,-0.52807, 0.41121, 0.36125,2110.32317,-2.03764, 0.01024, 0.08972,29.22862,26.66719,2110.32836,-2.02784,-0.08632, 0.06835,
13.40000,443.51472,-2705.92668,9551.36751, 7.94778, 9.73257,-28.37240,523.48387, 3.55949, 0.15960,-0.72820, 0.40248, 0.43860,2110.32329,-2.03776, 0.00948, 0.08938,28.86106,26.36350,2110.32836,-2.02784,-0.08632, 0.06835,
13.50000,445.84423,-2730.96916,9556.76982, 7.87014, 9.77237,-28.32466,523.10600, 3.56432, 0.15432,-0.87630, 0.39342, 0.51342,2110.32341,-2.03733, 0.00859, 0.08904,28.49179,26.05808,2110.32836,-2.02784,-0.08632, 0.06835,
13.60000,448.13586,-2755.97038,9562.20251, 7.78104, 9.81125,-28.26976,522.72649, 3.56857, 0.14087,-0.96558, 0.38422, 0.58067,2110.32352,-2.03642, 0.00759, 0.08869,28.12087,25.75094,2110.32836,-2.02784,-0.08632, 0.06835,
13.70000,450.38947,-2780.93056,9567.66524, 7.68647, 9.84922,-28.20868,522.34540, 3.57229, 0.12069,-0.99377, 0.37504, 0.63616,2110.32363,-2.03512, 0.00647, 0.08835,27.74836,25.44210,2110.32836,-2.02784,-0.08632, 0.06835,
13.80000,452.60489,-2805.84982,9573.15768, 7.59237, 9.88627,-28.14277,521.96279, 3.57553, 0.09564,-0.96299, 0.36600, 0.67677,2110.32372,-2.03354, 0.00526, 0.08800,27.37430,25.13159,2110.32836,-2.02784,-0.08632, 0.06835,
13.90000,454.78198,-2830.72818,9578.67943, 7.50426, 9.92242,-28.07361,521.57871, 3.57833, 0.06774,-0.87926, 0.35719, 0.70065,2110.32382,-2.03182, 0.00396, 0.08766,26.99876,24.81942,2110.32836,-2.02784,-0.08632, 0.06835,
14.00000,456.92059,-2855.56558,9584.23007, 7.42690, 9.95772,-28.00293,521.19321, 3.58076, 0.03911,-0.75187, 0.34869, 0.70720,2110.32391,-2.03008, 0.00259, 0.08731,26.62176,24.50561,2110.32836,-2.02784,-0.08632, 0.06835,
14.10000,459.02058,-2880.36190,9589.80917, 7.36397, 9.99217,-27.93244,520.80635, 3.58287, 0.01177,-0.59249, 0.34052, 0.69706,2110.32399,-2.02844, 0.00115, 0.08696,26.24337,24.19019,2110.32836,-2.02784,-0.08632, 0.06835,
14.20000,461.08182,-2905.11697,9595.41627, 7.31792,10.02583,-27.86373,520.41817, 3.58471,-0.01250,-0.41422, 0.33270, 0.67200,2110.32408,-2.02700,-0.00035, 0.08661,25.86363,23.87320,2110.32836,-2.02784,-0.08632, 0.06835,
14.30000,463.10417,-2929.83060,9601.05088, 7.28988,10.05873,-27.79817,520.02871, 3.58635,-0.03223,-0.23061, 0.32522, 0.63467,2110.32416,-2.02585,-0.00189, 0.08626,25.48258,23.55464,2110.32836,-2.02784,-0.08632, 0.06835,
14.40000,465.08752,-2954.50256,9606.71252, 7.27965,10.09089,-27.73684,519.63801, 3.58783,-0.04637,-0.05464, 0.31807, 0.58842,2110.32424,-2.02505,-0.00347, 0.08590,25.10025,23.23456,2110.32836,-2.02784,-0.08632, 0.06835,
14.50000,467.03173,-2979.13268,9612.40068, 7.28583,10.12235,-27.68042,519.24612, 3.58920,-0.05433, 0.10209, 0.31120, 0.53697,2110.32432,-2.02462,-0.00507, 0.08555,24.71669,22.91298,2110.32836,-2.02784,-0.08632, 0.06835,
14.60000,468.93670,-3003.72077,9618.11485, 7.30597,10.15314,-27.62927,518.85306, 3.59048,-0.05597, 0.23006, 0.30459, 0.48417,2110.32439,-2.02458,-0.00670, 0.08519,24.33193,22.58993,2110.32836,-2.02784,-0.08632, 0.06835,
14.70000,470.80231,-3028.26672,9623.85450, 7.33685,10.18327,-27.58331,518.45889, 3.59172,-0.05161, 0.32240, 0.29818, 0.43367,2110.32447,-2.02490,-0.00835, 0.08484,23.94601,22.26544,2110.32836,-2.02784,-0.08632, 0.06835,
14.80000,472.62844,-3052.77047,9629.61911, 7.37469,10.21278,-27.54217,518.06362, 3.59293,-0.04196, 0.37514, 0.29194, 0.38877,2110.32455,-2.02552,-0.01000, 0.08448,23.55896,21.93953,2110.32836,-2.02784,-0.08632, 0.06835,
14.90000,474.41500,-3077.23200,9635.40814, 7.41551,10.24167,-27.50512,517.66729, 3.59413,-0.02804, 0.38730, 0.28583, 0.35212,2110.32463,-2.02640,-0.01167, 0.08412,23.17081,21.61225,2110.32836,-2.02784,-0.08632, 0.06835,
15.00000,476.16187,-3101.65137,9641.22107, 7.45539,10.26995,-27.47126,517.26994, 3.59533,-0.01110, 0.36078, 0.27983, 0.32565,2110.32471,-2.02743,-0.01334, 0.08376,22.78160,21.28361,2110.32836,-2.02784,-0.08632, 0.06835,
15.10000,477.86895,-3126.02869,9647.05736, 7.49072,10.29763,-27.43948,516.87160, 3.59656, 0.00748, 0.30002, 0.27390, 0.31044,2110.32479,-2.02855,-0.01501, 0.08340,22.39135,20.95366,2110.32836,-2.02784,-0.08632, 0.06835,
15.20000,479.53615,-3150.36412,9652.91648, 7.51846,10.32473,-27.40866,516.47231, 3.59780, 0.02631, 0.21150, 0.26803, 0.30675,2110.32486,-2.02967,-0.01668, 0.08304,22.00011,20.62241,2110.32836,-2.02784,-0.08632, 0.06835,
15.30000,481.16338,-3174.65788,9658.79788, 7.53630,10.35124,-27.37764,516.07210, 3.59908, 0.04406, 0.10321, 0.26220, 0.31400,2110.32494,-2.03071,-0.01835, 0.08268,21.60791,20.28991,2110.32836,-2.02784,-0.08632, 0.06835,
15.40000,482.75054,-3198.91020,9664.70104, 7.54278,10.37717,-27.34541,515.67100, 3.60038, 0.05958,-0.01605, 0.25643, 0.33090,2110.32502,-2.03160,-0.02001, 0.08232,21.21478,19.95617,2110.32836,-2.02784,-0.08632, 0.06835,
15.50000,484.29755,-3223.12133,9670.62543, 7.53728,10.40253,-27.31107,515.26905, 3.60172, 0.07194,-0.13729, 0.25070, 0.35560,2110.32511,-2.03229,-0.02167, 0.08196,20.82076,19.62124,2110.32836,-2.02784,-0.08632, 0.06835,
15.60000,485.80433,-3247.29153,9676.57051, 7.52010,10.42731,-27.27396,514.86629, 3.60310, 0.08050,-0.25200, 0.24502, 0.38582,2110.32519,-2.03274,-0.02332, 0.08159,20.42588,19.28513,2110.32836,-2.02784,-0.08632, 0.06835,
15.70000,487.27079,-3271.42103,9682.53575, 7.49229,10.45153,-27.23365,514.46275, 3.60451, 0.08491,-0.35269, 0.23939, 0.41904,2110.32527,-2.03294,-0.02496, 0.08123,20.03018,18.94788,2110.32836,-2.02784,-0.08632, 0.06835,
15.80000,488.69685,-3295.51008,9688.52064, 7.45559,10.47519,-27.18996,514.05846, 3.60596, 0.08513,-0.43333, 0.23382, 0.45274,2110.32535,-2.03289,-0.02659, 0.08086,19.63368,18.60953,2110.32836,-2.02784,-0.08632, 0.06835,
15.90000,490.08245,-3319.55885,9694.52464, 7.41223,10.49830,-27.14298,513.65346, 3.60746, 0.08143,-0.48968, 0.22832, 0.48449,2110.32543,-2.03261,-0.02821, 0.08050,19.23643,18.27009,2110.32836,-2.02784,-0.08632, 0.06835,
16.00000,491.42752,-3343.56750,9700.54725, 7.36474,10.52086,-27.09300,513.24778, 3.60900, 0.07432,-0.51944, 0.22288, 0.51219,2110.32552,-2.03212,-0.02982, 0.08013,18.83845,17.92960,2110.32836,-2.02784,-0.08632, 0.06835,
16.10000,492.73199,-3367.53614,9706.58793, 7.31578,10.54287,-27.04052,512.84146, 3.61059, 0.06451,-0.52232, 0.21750, 0.53415,2110.32560,-2.03149,-0.03142, 0.07977,18.43979,17.58809,2110.32836,-2.02784,-0.08632, 0.06835,
16.20000,493.99579,-3391.46485,9712.64620, 7.26794,10.56436,-26.98618,512.43453, 3.61223, 0.05285,-0.49989, 0.21218, 0.54918,2110.32569,-2.03075,-0.03301, 0.07940,18.04046,17.24559,2110.32836,-2.02784,-0.08632, 0.06835,
16.30000,495.21888,-3415.35366,9718.72152, 7.22355,10.58531,-26.93071,512.02701, 3.61392, 0.04026,-0.45537, 0.20690, 0.55666,2110.32578,-2.02996,-0.03460, 0.07903,17.64051,16.90212,2110.32836,-2.02784,-0.08632, 0.06835,
16.40000,496.40118,-3439.20258,9724.81340, 7.18456,10.60574,-26.87488,511.61895, 3.61567, 0.02767,-0.39328, 0.20166, 0.55652,2110.32586,-2.02919,-0.03617, 0.07866,17.23996,16.55771,2110.32836,-2.02784,-0.08632, 0.06835,
16.50000,497.54265,-3463.01156,9730.92133, 7.15241,10.62565,-26.81942,511.21037, 3.61746, 0.01593,-0.31904, 0.19644, 0.54923,2110.32595,-2.02848,-0.03773, 0.07829,16.83885,16.21240,2110.32836,-2.02784,-0.08632, 0.06835,
16.60000,498.64324,-3486.78058,9737.04482, 7.12797,10.64503,-26.76502,510.80129, 3.61931, 0.00580,-0.23857, 0.19122, 0.53572,2110.32604,-2.02787,-0.03929, 0.07792,16.43719,15.86621,2110.32836,-2.02784,-0.08632, 0.06835,
16.70000,499.70289,-3510.50958,9743.18335, 7.11155,10.66389,-26.71222,510.39175, 3.62121,-0.00215,-0.15781, 0.18598, 0.51728,2110.32613,-2.02740,-0.04085, 0.07755,16.03503,15.51916,2110.32836,-2.02784,-0.08632, 0.06835,
16.80000,500.72157,-3534.19850,9749.33645, 7.10285,10.68222,-26.66146,509.98178, 3.62315,-0.00751,-0.08231, 0.18071, 0.49547,2110.32622,-2.02709,-0.04240, 0.07718,15.63238,15.17130,2110.32836,-2.02784,-0.08632, 0.06835,
16.90000,501.69923,-3557.84729,9755.50360, 7.10109,10.70003,-26.61298,509.57141, 3.62513,-0.01010,-0.01690, 0.17538, 0.47196,2110.32631,-2.02696,-0.04395, 0.07681,15.22928,14.82264,2110.32836,-2.02784,-0.08632, 0.06835,
17.00000,502.63584,-3581.45593,9761.68432, 7.10504,10.71730,-26.56688,509.16066, 3.62713,-0.00993, 0.03459, 0.16999, 0.44843,2110.32640,-2.02698,-0.04549, 0.07644,14.82577,14.47321,2110.32836,-2.02784,-0.08632, 0.06835,
17.10000,503.53136,-3605.02440,9767.87811, 7.11320,10.73402,-26.52306,508.74957, 3.62917,-0.00720, 0.06958, 0.16451, 0.42645,2110.32649,-2.02716,-0.04704, 0.07607,14.42185,14.12304,2110.32836,-2.02784,-0.08632, 0.06835,
17.20000,504.38575,-3628.55273,9774.08447, 7.12383,10.75020,-26.48132,508.33817, 3.63122,-0.00228, 0.08679, 0.15895, 0.40739,2110.32658,-2.02747,-0.04859, 0.07570,14.01758,13.77216,2110.32836,-2.02784,-0.08632, 0.06835,
17.30000,505.19898,-3652.04094,9780.30291, 7.13518,10.76581,-26.44129,507.92648, 3.63327, 0.00434, 0.08623, 0.15331, 0.39231,2110.32668,-2.02787,-0.05015, 0.07533,13.61297,13.42060,2110.32836,-2.02784,-0.08632, 0.06835,
17.40000,505.97103,-3675.48912,9786.53293, 7.14555,10.78086,-26.40253,507.51454, 3.63533, 0.01208, 0.06916, 0.14757, 0.38194,2110.32677,-2.02834,-0.05170, 0.07496,13.20807,13.06839,2110.32836,-2.02784,-0.08632, 0.06835,
17.50000,506.70188,-3698.89736,9792.77404, 7.15344,10.79532,-26.36457,507.10238, 3.63738, 0.02033, 0.03789, 0.14176, 0.37662,2110.32686,-2.02882,-0.05326, 0.07459,12.80289,12.71555,2110.32836,-2.02784,-0.08632, 0.06835,
17.60000,507.39150,-3722.26577,9799.02573, 7.15759,10.80921,-26.32689,506.69003, 3.63943, 0.02848,-0.00446, 0.13587, 0.37634,2110.32695,-2.02930,-0.05483, 0.07421,12.39748,12.36211,2110.32836,-2.02784,-0.08632, 0.06835,
17.70000,508.03988,-3745.59448,9805.28750, 7.15712,10.82249,-26.28899,506.27753, 3.64145, 0.03596,-0.05420, 0.12992, 0.38072,2110.32704,-2.02972,-0.05640, 0.07384,11.99186,12.00810,2110.32836,-2.02784,-0.08632, 0.06835,
17.80000,508.64700,-3768.88364,9811.55885, 7.15152,10.83519,-26.25045,505.86491, 3.64345, 0.04230,-0.10738, 0.12392, 0.38910,2110.32713,-2.03008,-0.05798, 0.07347,11.58607,11.65355,2110.32836,-2.02784,-0.08632, 0.06835,
17.90000,509.21286,-3792.13340,9817.83927, 7.14065,10.84728,-26.21091,505.45221, 3.64543, 0.04714,-0.16009, 0.11789, 0.40058,2110.32722,-2.03033,-0.05956, 0.07310,11.18015,11.29848,2110.32836,-2.02784,-0.08632, 0.06835,
18.00000,509.73744,-3815.34390,9824.12827, 7.12477,10.85876,-26.17011,505.03946, 3.64739, 0.05022,-0.20868, 0.11184, 0.41412,2110.32731,-2.03048,-0.06114, 0.07273,10.77412,10.94293,2110.32836,-2.02784,-0.08632, 0.06835,
18.10000,510.22075,-3838.51528,9830.42533, 7.10446,10.86965,-26.12789,504.62669, 3.64932, 0.05145,-0.25007, 0.10579, 0.42859,2110.32740,-2.03052,-0.06273, 0.07235,10.36803,10.58693,2110.32836,-2.02784,-0.08632, 0.06835,
18.20000,510.66278,-3861.64767,9836.72995, 7.08056,10.87992,-26.08422,504.21395, 3.65123, 0.05087,-0.28186, 0.09975, 0.44288,2110.32749,-2.03045,-0.06432, 0.07198, 9.96191,10.23049,2110.32836,-2.02784,-0.08632, 0.06835,
18.30000,511.06354,-3884.74119,9843.04161, 7.05412,10.88960,-26.03917,503.80126, 3.65312, 0.04862,-0.30246, 0.09373, 0.45597,2110.32758,-2.03028,-0.06592, 0.07161, 9.55578, 9.87366,2110.32836,-2.02784,-0.08632, 0.06835,
18.40000,511.42304,-3907.79592,9849.35981, 7.02629,10.89867,-25.99291,503.38866, 3.65500, 0.04497,-0.31120, 0.08774, 0.46698,2110.32767,-2.03003,-0.06751, 0.07124, 9.14969, 9.51646,2110.32836,-2.02784,-0.08632, 0.06835,
18.50000,511.74128,-3930.81196,9855.68403, 6.99825,10.90714,-25.94567,502.97619, 3.65686, 0.04025,-0.30822, 0.08178, 0.47525,2110.32776,-2.02971,-0.06910, 0.07087, 8.74367, 9.15892,2110.32836,-2.02784,-0.08632, 0.06835,
18.60000,512.01828,-3953.78936,9862.01377, 6.97109,10.91503,-25.89777,502.56387, 3.65871, 0.03486,-0.29450, 0.07586, 0.48034,2110.32785,-2.02937,-0.07070, 0.07049, 8.33775, 8.80107,2110.32836,-2.02784,-0.08632, 0.06835,
18.70000,512.25406,-3976.72816,9868.34851, 6.94579,10.92232,-25.84952,502.15175, 3.66056, 0.02921,-0.27167, 0.06998, 0.48206,2110.32794,-2.02901,-0.07229, 0.07012, 7.93196, 8.44293,2110.32836,-2.02784,-0.08632, 0.06835,
18.80000,512.44864,-3999.62840,9874.68775, 6.92314,10.92902,-25.80127,501.73985, 3.66241, 0.02369,-0.24190, 0.06414, 0.48047,2110.32803,-2.02866,-0.07389, 0.06975, 7.52634, 8.08454,2110.32836,-2.02784,-0.08632, 0.06835,
18.90000,512.60204,-4022.49009,9881.03098, 6.90370,10.93515,-25.75333,501.32821, 3.66426, 0.01868,-0.20767, 0.05833, 0.47584,2110.32812,-2.02835,-0.07548, 0.06938, 7.12091, 7.72593,2110.32836,-2.02784,-0.08632, 0.06835,
19.00000,512.71429,-4045.31325,9887.37768, 6.88775,10.94069,-25.70599,500.91686, 3.66611, 0.01447,-0.17163, 0.05254, 0.46865,2110.32821,-2.02809,-0.07707, 0.06901, 6.71572, 7.36712,2110.32836,-2.02784,-0.08632, 0.06835,
19.10000,512.78542,-4068.09788,9893.72735, 6.87534,10.94565,-25.65948,500.50582, 3.66797, 0.01130,-0.13635, 0.04676, 0.45952,2110.32830,-2.02790,-0.07866, 0.06864, 6.31079, 7.00814,2110.32836,-2.02784,-0.08632, 0.06835,
19.20000,512.81546,-4090.84399,9900.07947, 6.86626,10.95004,-25.61394,500.09514, 3.66983, 0.00931,-0.10420, 0.04100, 0.44917,2110.32839,-2.02777,-0.08025, 0.06827, 5.90615, 6.64902,2110.32836,-2.02784,-0.08632, 0.06835,
19.30000,512.80446,-4113.55161,9906.43355, 6.86008,10.95385,-25.56948,499.68484, 3.67169, 0.00856,-0.07715, 0.03524, 0.43832,2110.32847,-2.02773,-0.08183, 0.06790, 5.50183, 6.28979,2110.32836,-2.02784,-0.08632, 0.06835,
19.40000,512.75245,-4136.22076,9912.78907, 6.85622,10.95709,-25.52609,499.27496, 3.67357, 0.00900,-0.05671, 0.02947, 0.42773,2110.32856,-2.02775,-0.08342, 0.06753, 5.09787, 5.93048,2110.32836,-2.02784,-0.08632, 0.06835,
19.50000,512.65947,-4158.85146,9919.14553, 6.85396,10.95975,-25.48373,498.86552, 3.67544, 0.01052,-0.04383, 0.02369, 0.41804,2110.32865,-2.02784,-0.08500, 0.06716, 4.69429, 5.57112,2110.32836,-2.02784,-0.08632, 0.06835,
19.60000,512.52557,-4181.44377,9925.50241, 6.85254,10.96183,-25.44226,498.45655, 3.67732, 0.01293,-0.03886, 0.01790, 0.40983,2110.32874,-2.02798,-0.08658, 0.06679, 4.29113, 5.21173,2110.32836,-2.02784,-0.08632, 0.06835,
19.70000,512.35079,-4203.99773,9931.85922, 6.85118,10.96333,-25.40153,498.04810, 3.67920, 0.01601,-0.04159, 0.01210, 0.40351,2110.32883,-2.02816,-0.08816, 0.06642, 3.88841, 4.85235,2110.32836,-2.02784,-0.08632, 0.06835,
19.80000,512.13520,-4226.51342,9938.21545, 6.84916,10.96425,-25.36132,497.64019, 3.68107, 0.01949,-0.05130, 0.00628, 0.39933,2110.32892,-2.02836,-0.08974, 0.06605, 3.48618, 4.49300,2110.32836,-2.02784,-0.08632, 0.06835,
19.90000,511.87885,-4248.99091,9944.57059, 6.84584,10.96458,-25.32142,497.23284, 3.68295, 0.02310,-0.06683, 0.00044, 0.39741,2110.32901,-2.02856,-0.09132, 0.06569, 3.08445, 4.13371,2110.32836,-2.02784,-0.08632, 0.06835,
20.00000,511.58179,-4271.43030,9950.92414, 6.84074,10.96433,-25.28161,496.82610, 3.68481, 0.02657,-0.08669,-0.00541, 0.39767,2110.32910,-2.02875,-0.09290, 0.06532, 2.68326, 3.77451,2110.32836,-2.02784,-0.08632, 0.06835,
