
time,npos,epos,alt,phi,theta,psi,vel,alpha,beta,p,q,r,nx,ny,nz,mach,qbar,ps,

 0.00000, 0.00000, 0.00000,5000.00000, 0.00000, 5.30466, 0.00000,400.00000, 5.30466, 0.00000, 0.00000, 0.00000, 0.00000, 0.09245,-0.00000, 0.99572, 0.36466,163.97693,1760.28927,2170.06435,-2.69056,-0.00000,-0.00000,
 0.10000,40.00000,-0.00000,5000.00000, 0.00000, 5.30466, 0.00000,400.00000, 5.30466,-0.00000, 0.00000, 0.00000, 0.00000, 0.09245,-0.00000, 0.99572, 0.36466,163.97693,1760.28927,2170.06435,-2.69056,-0.00000,-0.00000,
 0.20000,80.00000,-0.00000,5000.00000, 0.00000, 5.30466, 0.00000,400.00000, 5.30466,-0.00000, 0.00000, 0.00000, 0.00000, 0.09245,-0.00000, 0.99572, 0.36466,163.97693,1760.28927,2170.06435,-2.69056,-0.00000,-0.00000,
 0.30000,120.00000,-0.00000,5000.00000, 0.00000, 5.30466, 0.00000,400.00000, 5.30466,-0.00000, 0.00000, 0.00000, 0.00000, 0.09245,-0.00000, 0.99572, 0.36466,163.97693,1760.28927,2170.06435,-2.69056,-0.00000,-0.00000,
 0.40000,160.00000,-0.00000,5000.00000, 0.00000, 5.30466, 0.00000,400.00000, 5.30466,-0.00000, 0.00000, 0.00000, 0.00000, 0.09245, 0.00000, 0.99572, 0.36466,163.97693,1760.28927,2170.06435,-2.69056,-0.00000,-0.00000,
 0.50000,200.00000,-0.00000,5000.00000, 0.00000, 5.30466, 0.00000,400.00000, 5.30466,-0.00000, 0.00000, 0.00000, 0.00000, 0.09245, 0.00000, 0.99572, 0.36466,163.97693,1760.28927,2170.06435,-2.69056,-0.00000,-0.00000,
 0.60000,240.00000,-0.00000,5000.00000, 0.00000, 5.30466, 0.00000,400.00000, 5.30466,-0.00000, 0.00000, 0.00000, 0.00000, 0.09245, 0.00000, 0.99572, 0.36466,163.97693,1760.28927,2170.06435,-2.69056,-0.00000,-0.00000,
 0.70000,280.00000,-0.00000,5000.00000, 0.00000, 5.30466, 0.00000,400.00000, 5.30466,-0.00000, 0.00000, 0.00000, 0.00000, 0.09245, 0.00000, 0.99572, 0.36466,163.97693,1760.28927,2170.06435,-2.69056,-0.00000,-0.00000,
 0.80000,320.00000, 0.00000,5000.00000, 0.00000, 5.30466, 0.00000,400.00000, 5.30466,-0.00000, 0.00000, 0.00000, 0.00000, 0.09245, 0.00000, 0.99572, 0.36466,163.97693,1760.28927,2170.06435,-2.69056,-0.00000,-0.00000,
 0.90000,360.00000, 0.00000,5000.00000, 0.00000, 5.30466, 0.00000,400.00000, 5.30466,-0.00000, 0.00000, 0.00000, 0.00000, 0.09245, 0.00000, 0.99572, 0.36466,163.97693,1760.28927,2170.06435,-2.69056,-0.00000,-0.00000,
 1.00000,400.00000, 0.00000,5000.00000, 0.00000, 5.30466, 0.00000,400.00000, 5.30466,-0.00000, 0.00000, 0.00000, 0.00000, 0.09245, 0.00000, 0.99572, 0.36466,163.97693,1760.28927,2170.06435,-2.69056,-0.00000,-0.00000,
 1.10000,440.00000, 0.00000,5000.00000, 0.00000, 5.30466, 0.00000,400.00000, 5.30466,-0.00000, 0.00000, 0.00000, 0.00000, 0.09245, 0.00000, 0.99572, 0.36466,163.97693,1760.28927,2170.06435,-2.69056,-0.00000,-0.00000,
 1.20000,480.00000, 0.00000,5000.00000, 0.00000, 5.30466, 0.00000,400.00000, 5.30466,-0.00000, 0.00000, 0.00000, 0.00000, 0.09245, 0.00000, 0.99572, 0.36466,163.97693,1760.28927,2170.06435,-2.69056,-0.00000,-0.00000,
 1.30000,520.00000, 0.00000,5000.00000, 0.00000, 5.30466, 0.00000,400.00000, 5.30466,-0.00000, 0.00000, 0.00000, 0.00000, 0.09245, 0.00000, 0.99572, 0.36466,163.97693,1760.28927,2170.06435,-2.69056,-0.00000,-0.00000,
 1.40000,560.00000, 0.00000,5000.00000, 0.00000, 5.30466, 0.00000,400.00000, 5.30466,-0.00000, 0.00000, 0.00000, 0.00000, 0.09245, 0.00000, 0.99572, 0.36466,163.97693,1760.28927,2170.06435,-2.69056,-0.00000,-0.00000,
 1.50000,600.00000, 0.00000,5000.00000, 0.00000, 5.30466, 0.00000,400.00000, 5.30466,-0.00000, 0.00000, 0.00000, 0.00000, 0.09245, 0.00000, 0.99572, 0.36466,163.97693,1760.28927,2170.06435,-2.69056,-0.00000,-0.00000,
 1.60000,640.00000, 0.00000,5000.00000, 0.00000, 5.30466, 0.00000,400.00000, 5.30466,-0.00000, 0.00000, 0.00000, 0.00000, 0.09245, 0.00000, 0.99572, 0.36466,163.97693,1760.28927,2170.06435,-2.69056,-0.00000,-0.00000,
 1.70000,680.00000, 0.00000,5000.00000, 0.00000, 5.30466, 0.00000,400.00000, 5.30466,-0.00000, 0.00000, 0.00000, 0.00000, 0.09245, 0.00000, 0.99572, 0.36466,163.97693,1760.28927,2170.06435,-2.69056,-0.00000,-0.00000,
 1.80000,720.00000, 0.00000,5000.00000, 0.00000, 5.30466, 0.00000,400.00000, 5.30466,-0.00000, 0.00000, 0.00000, 0.00000, 0.09245, 0.00000, 0.99572, 0.36466,163.97693,1760.28927,2170.06435,-2.69056,-0.00000,-0.00000,
 1.90000,760.00000, 0.00000,5000.00000, 0.00000, 5.30466, 0.00000,400.00000, 5.30466,-0.00000, 0.00000, 0.00000, 0.00000, 0.09245, 0.00000, 0.99572, 0.36466,163.97693,1760.28927,2170.06435,-2.69056,-0.00000,-0.00000,
 2.00000,800.00000, 0.00000,5000.00000, 0.00000, 5.30466, 0.00000,400.00000, 5.30466,-0.00000, 0.00000, 0.00000, 0.00000, 0.09245, 0.00000, 0.99572, 0.36466,163.97693,1760.28927,2170.06435,-2.69056,-0.00000,-0.00000,
 2.10000,840.00000, 0.00000,5000.00000, 0.00000, 5.30466, 0.00000,400.00000, 5.30466,-0.00000, 0.00000, 0.00000, 0.00000, 0.09245, 0.00000, 0.99572, 0.36466,163.97693,1760.28927,2170.06435,-2.69056,-0.00000,-0.00000,
 2.20000,880.00000, 0.00000,5000.00000, 0.00000, 5.30466, 0.00000,400.00000, 5.30466,-0.00000, 0.00000, 0.00000, 0.00000, 0.09245, 0.00000, 0.99572, 0.36466,163.97693,1760.28927,2170.06435,-2.69056,-0.00000,-0.00000,
 2.30000,920.00000, 0.00000,5000.00000, 0.00000, 5.30466, 0.00000,400.00000, 5.30466,-0.00000, 0.00000, 0.00000, 0.00000, 0.09245, 0.00000, 0.99572, 0.36466,163.97693,1760.28927,2170.06435,-2.69056,-0.00000,-0.00000,
 2.40000,960.00000, 0.00000,5000.00000, 0.00000, 5.30466, 0.00000,400.00000, 5.30466,-0.00000, 0.00000, 0.00000, 0.00000, 0.09245, 0.00000, 0.99572, 0.36466,163.97693,1760.28927,2170.06435,-2.69056,-0.00000,-0.00000,
 2.50000,1000.00000, 0.00000,5000.00000, 0.00000, 5.30466, 0.00000,400.00000, 5.30466,-0.00000, 0.00000, 0.00000, 0.00000, 0.09245, 0.00000, 0.99572, 0.36466,163.97693,1760.28927,2170.06435,-2.69056,-0.00000,-0.00000,
 2.60000,1040.00000, 0.00000,5000.00000, 0.00000, 5.30466, 0.00000,400.00000, 5.30466,-0.00000, 0.00000, 0.00000, 0.00000, 0.09245, 0.00000, 0.99572, 0.36466,163.97693,1760.28927,2170.06435,-2.69056,-0.00000,-0.00000,
 2.70000,1080.00000, 0.00000,5000.00000, 0.00000, 5.30466, 0.00000,400.00000, 5.30466,-0.00000, 0.00000, 0.00000, 0.00000, 0.09245, 0.00000, 0.99572, 0.36466,163.97693,1760.28927,2170.06435,-2.69056,-0.00000,-0.00000,
 2.80000,1120.00000, 0.00000,5000.00000, 0.00000, 5.30466, 0.00000,400.00000, 5.30466,-0.00000, 0.00000, 0.00000, 0.00000, 0.09245, 0.00000, 0.99572, 0.36466,163.97693,1760.28927,2170.06435,-2.69056,-0.00000,-0.00000,
 2.90000,1160.00000, 0.00000,5000.00000, 0.00000, 5.30466, 0.00000,400.00000, 5.30466,-0.00000, 0.00000, 0.00000, 0.00000, 0.09245, 0.00000, 0.99572, 0.36466,163.97693,1760.28927,2170.06435,-2.69056,-0.00000,-0.00000,
 3.00000,1200.00000, 0.00000,5000.00000, 0.00000, 5.30466, 0.00000,400.00000, 5.30466,-0.00000, 0.00000, 0.00000, 0.00000, 0.09245, 0.00000, 0.99572, 0.36466,163.97693,1760.28927,2170.06435,-2.69056,-0.00000,-0.00000,
 3.10000,1240.00000, 0.00000,5000.00000, 0.00000, 5.30466, 0.00000,400.00000, 5.30466,-0.00000, 0.00000, 0.00000, 0.00000, 0.09245, 0.00000, 0.99572, 0.36466,163.97693,1760.28927,2170.06435,-2.69056,-0.00000,-0.00000,
 3.20000,1280.00000, 0.00000,5000.00000, 0.00000, 5.30466, 0.00000,400.00000, 5.30466,-0.00000, 0.00000, 0.00000, 0.00000, 0.09245, 0.00000, 0.99572, 0.36466,163.97693,1760.28927,2170.06435,-2.69056,-0.00000,-0.00000,
 3.30000,1320.00000, 0.00000,5000.00000, 0.00000, 5.30466, 0.00000,400.00000, 5.30466,-0.00000, 0.00000, 0.00000, 0.00000, 0.09245, 0.00000, 0.99572, 0.36466,163.97693,1760.28927,2170.06435,-2.69056,-0.00000,-0.00000,
 3.40000,1360.00000, 0.00000,5000.00000, 0.00000, 5.30466, 0.00000,400.00000, 5.30466,-0.00000, 0.00000, 0.00000, 0.00000, 0.09245, 0.00000, 0.99572, 0.36466,163.97693,1760.28927,2170.06435,-2.69056,-0.00000,-0.00000,
 3.50000,1400.00000, 0.00000,5000.00000, 0.00000, 5.30466, 0.00000,400.00000, 5.30466,-0.00000, 0.00000, 0.00000, 0.00000, 0.09245, 0.00000, 0.99572, 0.36466,163.97693,1760.28927,2170.06435,-2.69056,-0.00000,-0.00000,
 3.60000,1440.00000, 0.00000,5000.00000, 0.00000, 5.30466, 0.00000,400.00000, 5.30466,-0.00000, 0.00000, 0.00000, 0.00000, 0.09245, 0.00000, 0.99572, 0.36466,163.97693,1760.28927,2170.06435,-2.69056,-0.00000,-0.00000,
 3.70000,1480.00000, 0.00000,5000.00000, 0.00000, 5.30466, 0.00000,400.00000, 5.30466,-0.00000, 0.00000, 0.00000, 0.00000, 0.09245, 0.00000, 0.99572, 0.36466,163.97693,1760.28927,2170.06435,-2.69056,-0.00000,-0.00000,
 3.80000,1520.00000, 0.00000,5000.00000, 0.00000, 5.30466, 0.00000,400.00000, 5.30466,-0.00000, 0.00000, 0.00000, 0.00000, 0.09245, 0.00000, 0.99572, 0.36466,163.97693,1760.28927,2170.06435,-2.69056,-0.00000,-0.00000,
 3.90000,1560.00000, 0.00000,5000.00000, 0.00000, 5.30466, 0.00000,400.00000, 5.30466,-0.00000, 0.00000, 0.00000, 0.00000, 0.09245, 0.00000, 0.99572, 0.36466,163.97693,1760.28927,2170.06435,-2.69056,-0.00000,-0.00000,
 4.00000,1600.00000, 0.00000,5000.00000, 0.00000, 5.30466, 0.00000,400.00000, 5.30466,-0.00000, 0.00000, 0.00000, 0.00000, 0.09245, 0.00000, 0.99572, 0.36466,163.97693,1760.28927,2170.06435,-2.69056,-0.00000,-0.00000,
 4.10000,1640.00000, 0.00000,5000.00000, 0.00000, 5.30466, 0.00000,400.00000, 5.30466,-0.00000, 0.00000, 0.00000, 0.00000, 0.09245, 0.00000, 0.99572, 0.36466,163.97693,1760.28927,2170.06435,-2.69056,-0.00000,-0.00000,
 4.20000,1680.00000, 0.00000,5000.00000, 0.00000, 5.30466, 0.00000,400.00000, 5.30466,-0.00000, 0.00000, 0.00000, 0.00000, 0.09245, 0.00000, 0.99572, 0.36466,163.97693,1760.28927,2170.06435,-2.69056,-0.00000,-0.00000,
 4.30000,1720.00000, 0.00000,5000.00000, 0.00000, 5.30466, 0.00000,400.00000, 5.30466,-0.00000, 0.00000, 0.00000, 0.00000, 0.09245, 0.00000, 0.99572, 0.36466,163.97693,1760.28927,2170.06435,-2.69056,-0.00000,-0.00000,
 4.40000,1760.00000, 0.00000,5000.00000, 0.00000, 5.30466, 0.00000,400.00000, 5.30466,-0.00000, 0.00000, 0.00000, 0.00000, 0.09245, 0.00000, 0.99572, 0.36466,163.97693,1760.28927,2170.06435,-2.69056,-0.00000,-0.00000,
 4.50000,1800.00000, 0.00000,5000.00000, 0.00000, 5.30466, 0.00000,400.00000, 5.30466,-0.00000, 0.00000, 0.00000, 0.00000, 0.09245, 0.00000, 0.99572, 0.36466,163.97693,1760.28927,2170.06435,-2.69056,-0.00000,-0.00000,
 4.60000,1840.00000, 0.00000,5000.00000, 0.00000, 5.30466, 0.00000,400.00000, 5.30466,-0.00000, 0.00000, 0.00000, 0.00000, 0.09245, 0.00000, 0.99572, 0.36466,163.97693,1760.28927,2170.06435,-2.69056,-0.00000,-0.00000,
 4.70000,1880.00000, 0.00000,5000.00000, 0.00000, 5.30466, 0.00000,400.00000, 5.30466,-0.00000, 0.00000, 0.00000, 0.00000, 0.09245, 0.00000, 0.99572, 0.36466,163.97693,1760.28927,2170.06435,-2.69056,-0.00000,-0.00000,
 4.80000,1920.00000, 0.00000,5000.00000, 0.00000, 5.30466, 0.00000,400.00000, 5.30466,-0.00000, 0.00000, 0.00000, 0.00000, 0.09245, 0.00000, 0.99572, 0.36466,163.97693,1760.28927,2170.06435,-2.69056,-0.00000,-0.00000,
 4.90000,1960.00000, 0.00000,5000.00000, 0.00000, 5.30466, 0.00000,400.00000, 5.30466,-0.00000, 0.00000, 0.00000, 0.00000, 0.09245, 0.00000, 0.99572, 0.36466,163.97693,1760.28927,2170.06435,-2.69056,-0.00000,-0.00000,
 5.00000,2000.00000, 0.00000,5000.00000, 0.00000, 5.30466, 0.00000,400.00000, 5.30466,-0.00000, 0.00000, 0.00000, 0.00000, 0.09245, 0.00000, 0.99572, 0.36466,163.97693,1760.28927,2170.06435,-2.69056,-0.00000,-0.00000,
 5.10000,2040.00000, 0.00000,5000.00000, 0.00000, 5.30466, 0.00000,400.00000, 5.30466,-0.00000, 0.00000, 0.00000, 0.00000, 0.09245, 0.00000, 0.99572, 0.36466,163.97693,1760.28927,2170.06435,-2.69056,-0.00000,-0.00000,
 5.20000,2080.00000, 0.00000,5000.00000, 0.00000, 5.30466, 0.00000,400.00000, 5.30466,-0.00000, 0.00000, 0.00000, 0.00000, 0.09245, 0.00000, 0.99572, 0.36466,163.97693,1760.28927,2170.06435,-2.69056,-0.00000,-0.00000,
 5.30000,2120.00000, 0.00000,5000.00000, 0.00000, 5.30466, 0.00000,400.00000, 5.30466,-0.00000, 0.00000, 0.00000, 0.00000, 0.09245, 0.00000, 0.99572, 0.36466,163.97693,1760.28927,2170.06435,-2.69056,-0.00000,-0.00000,
 5.40000,2160.00000, 0.00000,5000.00000, 0.00000, 5.30466, 0.00000,400.00000, 5.30466,-0.00000, 0.00000, 0.00000, 0.00000, 0.09245, 0.00000, 0.99572, 0.36466,163.97693,1760.28927,2170.06435,-2.69056,-0.00000,-0.00000,
 5.50000,2200.00000, 0.00000,5000.00000, 0.00000, 5.30466, 0.00000,400.00000, 5.30466,-0.00000, 0.00000, 0.00000, 0.00000, 0.09245, 0.00000, 0.99572, 0.36466,163.97693,1760.28927,2170.06435,-2.69056,-0.00000,-0.00000,
 5.60000,2240.00000, 0.00000,5000.00000, 0.00000, 5.30466, 0.00000,400.00000, 5.30466,-0.00000, 0.00000, 0.00000, 0.00000, 0.09245, 0.00000, 0.99572, 0.36466,163.97693,1760.28927,2170.06435,-2.69056,-0.00000,-0.00000,
 5.70000,2280.00000, 0.00000,5000.00000, 0.00000, 5.30466, 0.00000,400.00000, 5.30466,-0.00000, 0.00000, 0.00000, 0.00000, 0.09245, 0.00000, 0.99572, 0.36466,163.97693,1760.28927,2170.06435,-2.69056,-0.00000,-0.00000,
 5.80000,2320.00000, 0.00000,5000.00000, 0.00000, 5.30466, 0.00000,400.00000, 5.30466,-0.00000, 0.00000, 0.00000, 0.00000, 0.09245, 0.00000, 0.99572, 0.36466,163.97693,1760.28927,2170.06435,-2.69056,-0.00000,-0.00000,
 5.90000,2360.00000, 0.00000,5000.00000, 0.00000, 5.30466, 0.00000,400.00000, 5.30466,-0.00000, 0.00000, 0.00000, 0.00000, 0.09245, 0.00000, 0.99572, 0.36466,163.97693,1760.28927,2170.06435,-2.69056,-0.00000,-0.00000,
 6.00000,2400.00000, 0.00000,5000.00000, 0.00000, 5.30466, 0.00000,400.00000, 5.30466,-0.00000, 0.00000, 0.00000, 0.00000, 0.09245, 0.00000, 0.99572, 0.36466,163.97693,1760.28927,2170.06435,-2.69056,-0.00000,-0.00000,
 6.10000,2440.00000, 0.00000,5000.00000, 0.00000, 5.30466, 0.00000,400.00000, 5.30466,-0.00000, 0.00000, 0.00000, 0.00000, 0.09245, 0.00000, 0.99572, 0.36466,163.97693,1760.28927,2170.06435,-2.69056,-0.00000,-0.00000,
 6.20000,2480.00000, 0.00000,5000.00000, 0.00000, 5.30466, 0.00000,400.00000, 5.30466,-0.00000, 0.00000, 0.00000, 0.00000, 0.09245, 0.00000, 0.99572, 0.36466,163.97693,1760.28927,2170.06435,-2.69056,-0.00000,-0.00000,
 6.30000,2520.00000, 0.00000,5000.00000, 0.00000, 5.30466, 0.00000,400.00000, 5.30466,-0.00000, 0.00000, 0.00000, 0.00000, 0.09245, 0.00000, 0.99572, 0.36466,163.97693,1760.28927,2170.06435,-2.69056,-0.00000,-0.00000,
 6.40000,2560.00000, 0.00000,5000.00000, 0.00000, 5.30466, 0.00000,400.00000, 5.30466,-0.00000, 0.00000, 0.00000, 0.00000, 0.09245, 0.00000, 0.99572, 0.36466,163.97693,1760.28927,2170.06435,-2.69056,-0.00000,-0.00000,
 6.50000,2600.00000, 0.00000,5000.00000, 0.00000, 5.30466, 0.00000,400.00000, 5.30466,-0.00000, 0.00000, 0.00000, 0.00000, 0.09245, 0.00000, 0.99572, 0.36466,163.97693,1760.28927,2170.06435,-2.69056,-0.00000,-0.00000,
 6.60000,2640.00000, 0.00000,5000.00000, 0.00000, 5.30466, 0.00000,400.00000, 5.30466,-0.00000, 0.00000, 0.00000, 0.00000, 0.09245, 0.00000, 0.99572, 0.36466,163.97693,1760.28927,2170.06435,-2.69056,-0.00000,-0.00000,
 6.70000,2680.00000, 0.00000,5000.00000, 0.00000, 5.30466, 0.00000,400.00000, 5.30466,-0.00000, 0.00000, 0.00000, 0.00000, 0.09245, 0.00000, 0.99572, 0.36466,163.97693,1760.28927,2170.06435,-2.69056,-0.00000,-0.00000,
 6.80000,2720.00000, 0.00000,5000.00000, 0.00000, 5.30466, 0.00000,400.00000, 5.30466,-0.00000, 0.00000, 0.00000, 0.00000, 0.09245, 0.00000, 0.99572, 0.36466,163.97693,1760.28927,2170.06435,-2.69056,-0.00000,-0.00000,
 6.90000,2760.00000, 0.00000,5000.00000, 0.00000, 5.30466, 0.00000,400.00000, 5.30466,-0.00000, 0.00000, 0.00000, 0.00000, 0.09245, 0.00000, 0.99572, 0.36466,163.97693,1760.28927,2170.06435,-2.69056,-0.00000,-0.00000,
 7.00000,2800.00000, 0.00000,5000.00000, 0.00000, 5.30466, 0.00000,400.00000, 5.30466,-0.00000, 0.00000, 0.00000, 0.00000, 0.09245, 0.00000, 0.99572, 0.36466,163.97693,1760.28927,2170.06435,-2.69056,-0.00000,-0.00000,
 7.10000,2840.00000, 0.00000,5000.00000, 0.00000, 5.30466, 0.00000,400.00000, 5.30466,-0.00000, 0.00000, 0.00000, 0.00000, 0.09245, 0.00000, 0.99572, 0.36466,163.97693,1760.28927,2170.06435,-2.69056,-0.00000,-0.00000,
 7.20000,2880.00000, 0.00000,5000.00000, 0.00000, 5.30466, 0.00000,400.00000, 5.30466,-0.00000, 0.00000, 0.00000, 0.00000, 0.09245, 0.00000, 0.99572, 0.36466,163.97693,1760.28927,2170.06435,-2.69056,-0.00000,-0.00000,
 7.30000,2920.00000, 0.00000,5000.00000, 0.00000, 5.30466, 0.00000,400.00000, 5.30466,-0.00000, 0.00000, 0.00000, 0.00000, 0.09245, 0.00000, 0.99572, 0.36466,163.97693,1760.28927,2170.06435,-2.69056,-0.00000,-0.00000,
 7.40000,2960.00000, 0.00000,5000.00000, 0.00000, 5.30466, 0.00000,400.00000, 5.30466,-0.00000, 0.00000, 0.00000, 0.00000, 0.09245, 0.00000, 0.99572, 0.36466,163.97693,1760.28927,2170.06435,-2.69056,-0.00000,-0.00000,
 7.50000,3000.00000, 0.00000,5000.00000, 0.00000, 5.30466, 0.00000,400.00000, 5.30466,-0.00000, 0.00000, 0.00000, 0.00000, 0.09245, 0.00000, 0.99572, 0.36466,163.97693,1760.28927,2170.06435,-2.69056,-0.00000,-0.00000,
 7.60000,3040.00000, 0.00000,5000.00000, 0.00000, 5.30466, 0.00000,400.00000, 5.30466,-0.00000, 0.00000, 0.00000, 0.00000, 0.09245, 0.00000, 0.99572, 0.36466,163.97693,1760.28927,2170.06435,-2.69056,-0.00000,-0.00000,
 7.70000,3080.00000, 0.00000,5000.00000, 0.00000, 5.30466, 0.00000,400.00000, 5.30466,-0.00000, 0.00000, 0.00000, 0.00000, 0.09245, 0.00000, 0.99572, 0.36466,163.97693,1760.28927,2170.06435,-2.69056,-0.00000,-0.00000,
 7.80000,3120.00000, 0.00000,5000.00000, 0.00000, 5.30466, 0.00000,400.00000, 5.30466,-0.00000, 0.00000, 0.00000, 0.00000, 0.09245, 0.00000, 0.99572, 0.36466,163.97693,1760.28927,2170.06435,-2.69056,-0.00000,-0.00000,
 7.90000,3160.00000, 0.00000,5000.00000, 0.00000, 5.30466, 0.00000,400.00000, 5.30466,-0.00000, 0.00000, 0.00000, 0.00000, 0.09245, 0.00000, 0.99572, 0.36466,163.97693,1760.28927,2170.06435,-2.69056,-0.00000,-0.00000,
 8.00000,3200.00000, 0.00000,5000.00000, 0.00000, 5.30466, 0.00000,400.00000, 5.30466,-0.00000, 0.00000, 0.00000, 0.00000, 0.09245, 0.00000, 0.99572, 0.36466,163.97693,1760.28927,2170.06435,-2.69056,-0.00000,-0.00000,
 8.10000,3240.00000, 0.00000,5000.00000, 0.00000, 5.30466, 0.00000,400.00000, 5.30466,-0.00000, 0.00000, 0.00000, 0.00000, 0.09245, 0.00000, 0.99572, 0.36466,163.97693,1760.28927,2170.06435,-2.69056,-0.00000,-0.00000,
 8.20000,3280.00000, 0.00000,5000.00000, 0.00000, 5.30466, 0.00000,400.00000, 5.30466,-0.00000, 0.00000, 0.00000, 0.00000, 0.09245, 0.00000, 0.99572, 0.36466,163.97693,1760.28927,2170.06435,-2.69056,-0.00000,-0.00000,
 8.30000,3320.00000, 0.00000,5000.00000, 0.00000, 5.30466, 0.00000,400.00000, 5.30466,-0.00000, 0.00000, 0.00000, 0.00000, 0.09245, 0.00000, 0.99572, 0.36466,163.97693,1760.28927,2170.06435,-2.69056,-0.00000,-0.00000,
 8.40000,3360.00000, 0.00000,5000.00000, 0.00000, 5.30466, 0.00000,400.00000, 5.30466,-0.00000, 0.00000, 0.00000, 0.00000, 0.09245, 0.00000, 0.99572, 0.36466,163.97693,1760.28927,2170.06435,-2.69056,-0.00000,-0.00000,
 8.50000,3400.00000, 0.00000,5000.00000, 0.00000, 5.30466, 0.00000,400.00000, 5.30466,-0.00000, 0.00000, 0.00000, 0.00000, 0.09245, 0.00000, 0.99572, 0.36466,163.97693,1760.28927,2170.06435,-2.69056,-0.00000,-0.00000,
 8.60000,3440.00000, 0.00000,5000.00000, 0.00000, 5.30466, 0.00000,400.00000, 5.30466,-0.00000, 0.00000, 0.00000, 0.00000, 0.09245, 0.00000, 0.99572, 0.36466,163.97693,1760.28927,2170.06435,-2.69056,-0.00000,-0.00000,
 8.70000,3480.00000, 0.00000,5000.00000, 0.00000, 5.30466, 0.00000,400.00000, 5.30466,-0.00000, 0.00000, 0.00000, 0.00000, 0.09245, 0.00000, 0.99572, 0.36466,163.97693,1760.28927,2170.06435,-2.69056,-0.00000,-0.00000,
 8.80000,3520.00000, 0.00000,5000.00000, 0.00000, 5.30466, 0.00000,400.00000, 5.30466,-0.00000, 0.00000, 0.00000, 0.00000, 0.09245, 0.00000, 0.99572, 0.36466,163.97693,1760.28927,2170.06435,-2.69056,-0.00000,-0.00000,
 8.90000,3560.00000, 0.00000,5000.00000, 0.00000, 5.30466, 0.00000,400.00000, 5.30466,-0.00000, 0.00000, 0.00000, 0.00000, 0.09245, 0.00000, 0.99572, 0.36466,163.97693,1760.28927,2170.06435,-2.69056,-0.00000,-0.00000,
 9.00000,3600.00000, 0.00000,5000.00000, 0.00000, 5.30466, 0.00000,400.00000, 5.30466,-0.00000, 0.00000, 0.00000, 0.00000, 0.09245, 0.00000, 0.99572, 0.36466,163.97693,1760.28927,2170.06435,-2.69056,-0.00000,-0.00000,
 9.10000,3640.00000, 0.00000,5000.00000, 0.00000, 5.30466, 0.00000,400.00000, 5.30466,-0.00000, 0.00000, 0.00000, 0.00000, 0.09245, 0.00000, 0.99572, 0.36466,163.97693,1760.28927,2170.06435,-2.69056,-0.00000,-0.00000,
 9.20000,3680.00000, 0.00000,5000.00000, 0.00000, 5.30466, 0.00000,400.00000, 5.30466,-0.00000, 0.00000, 0.00000, 0.00000, 0.09245, 0.00000, 0.99572, 0.36466,163.97693,1760.28927,2170.06435,-2.69056,-0.00000,-0.00000,
 9.30000,3720.00000, 0.00000,5000.00000, 0.00000, 5.30466, 0.00000,400.00000, 5.30466,-0.00000, 0.00000, 0.00000, 0.00000, 0.09245, 0.00000, 0.99572, 0.36466,163.97693,1760.28927,2170.06435,-2.69056,-0.00000,-0.00000,
 9.40000,3760.00000, 0.00000,5000.00000, 0.00000, 5.30466, 0.00000,400.00000, 5.30466,-0.00000, 0.00000, 0.00000, 0.00000, 0.09245, 0.00000, 0.99572, 0.36466,163.97693,1760.28927,2170.06435,-2.69056,-0.00000,-0.00000,
 9.50000,3800.00000, 0.00000,5000.00000, 0.00000, 5.30466, 0.00000,400.00000, 5.30466,-0.00000, 0.00000, 0.00000, 0.00000, 0.09245, 0.00000, 0.99572, 0.36466,163.97693,1760.28927,2170.06435,-2.69056,-0.00000,-0.00000,
 9.60000,3840.00000, 0.00000,5000.00000, 0.00000, 5.30466, 0.00000,400.00000, 5.30466,-0.00000, 0.00000, 0.00000, 0.00000, 0.09245, 0.00000, 0.99572, 0.36466,163.97693,1760.28927,2170.06435,-2.69056,-0.00000,-0.00000,
 9.70000,3880.00000, 0.00000,5000.00000, 0.00000, 5.30466, 0.00000,400.00000, 5.30466,-0.00000, 0.00000, 0.00000, 0.00000, 0.09245, 0.00000, 0.99572, 0.36466,163.97693,1760.28927,2170.06435,-2.69056,-0.00000,-0.00000,
 9.80000,3920.00000, 0.00000,5000.00000, 0.00000, 5.30466, 0.00000,400.00000, 5.30466,-0.00000, 0.00000, 0.00000, 0.00000, 0.09245, 0.00000, 0.99572, 0.36466,163.97693,1760.28927,2170.06435,-2.69056,-0.00000,-0.00000,
 9.90000,3960.00000, 0.00000,5000.00000, 0.00000, 5.30466, 0.00000,400.00000, 5.30466,-0.00000, 0.00000, 0.00000, 0.00000, 0.09245, 0.00000, 0.99572, 0.36466,163.97693,1760.28927,2170.06435,-2.69056,-0.00000,-0.00000,
10.00000,4000.00000, 0.00000,5000.00000, 0.00000, 5.30466, 0.00000,400.00000, 5.30466,-0.00000, 0.00000, 0.00000, 0.00000, 0.09245, 0.00000, 0.99572, 0.36466,163.97693,1760.28927,2170.06435,-2.69056,-0.00000,-0.00000,
10.10000,4040.00000, 0.00000,5000.00000, 0.00000, 5.30466, 0.00000,400.00000, 5.30466,-0.00000, 0.00000, 0.00000, 0.00000, 0.09245, 0.00000, 0.99572, 0.36466,163.97693,1760.28927,2170.06435,-2.69056,-0.00000,-0.00000,
10.20000,4080.00000, 0.00000,5000.00000, 0.00000, 5.30466, 0.00000,400.00000, 5.30466,-0.00000, 0.00000, 0.00000, 0.00000, 0.09245, 0.00000, 0.99572, 0.36466,163.97693,1760.28927,2170.06435,-2.69056,-0.00000,-0.00000,
10.30000,4120.00000, 0.00000,5000.00000, 0.00000, 5.30466, 0.00000,400.00000, 5.30466,-0.00000, 0.00000, 0.00000, 0.00000, 0.09245, 0.00000, 0.99572, 0.36466,163.97693,1760.28927,2170.06435,-2.69056,-0.00000,-0.00000,
10.40000,4160.00000, 0.00000,5000.00000, 0.00000, 5.30466, 0.00000,400.00000, 5.30466,-0.00000, 0.00000, 0.00000, 0.00000, 0.09245, 0.00000, 0.99572, 0.36466,163.97693,1760.28927,2170.06435,-2.69056,-0.00000,-0.00000,
10.50000,4200.00000, 0.00000,5000.00000, 0.00000, 5.30466, 0.00000,400.00000, 5.30466,-0.00000, 0.00000, 0.00000, 0.00000, 0.09245, 0.00000, 0.99572, 0.36466,163.97693,1760.28927,2170.06435,-2.69056,-0.00000,-0.00000,
10.60000,4240.00000, 0.00000,5000.00000, 0.00000, 5.30466, 0.00000,400.00000, 5.30466,-0.00000, 0.00000, 0.00000, 0.00000, 0.09245, 0.00000, 0.99572, 0.36466,163.97693,1760.28927,2170.06435,-2.69056,-0.00000,-0.00000,
10.70000,4280.00000, 0.00000,5000.00000, 0.00000, 5.30466, 0.00000,400.00000, 5.30466,-0.00000, 0.00000, 0.00000, 0.00000, 0.09245, 0.00000, 0.99572, 0.36466,163.97693,1760.28927,2170.06435,-2.69056,-0.00000,-0.00000,
10.80000,4320.00000, 0.00000,5000.00000, 0.00000, 5.30466, 0.00000,400.00000, 5.30466,-0.00000, 0.00000, 0.00000, 0.00000, 0.09245, 0.00000, 0.99572, 0.36466,163.97693,1760.28927,2170.06435,-2.69056,-0.00000,-0.00000,
10.90000,4360.00000, 0.00000,5000.00000, 0.00000, 5.30466, 0.00000,400.00000, 5.30466,-0.00000, 0.00000, 0.00000, 0.00000, 0.09245, 0.00000, 0.99572, 0.36466,163.97693,1760.28927,2170.06435,-2.69056,-0.00000,-0.00000,
11.00000,4400.00000, 0.00000,5000.00000, 0.00000, 5.30466, 0.00000,400.00000, 5.30466,-0.00000, 0.00000, 0.00000, 0.00000, 0.09245, 0.00000, 0.99572, 0.36466,163.97693,1760.28927,2170.06435,-2.69056,-0.00000,-0.00000,
11.10000,4440.00000, 0.00000,5000.00000, 0.00000, 5.30466, 0.00000,400.00000, 5.30466,-0.00000, 0.00000, 0.00000, 0.00000, 0.09245, 0.00000, 0.99572, 0.36466,163.97693,1760.28927,2170.06435,-2.69056,-0.00000,-0.00000,
11.20000,4480.00000, 0.00000,5000.00000, 0.00000, 5.30466, 0.00000,400.00000, 5.30466,-0.00000, 0.00000, 0.00000, 0.00000, 0.09245, 0.00000, 0.99572, 0.36466,163.97693,1760.28927,2170.06435,-2.69056,-0.00000,-0.00000,
11.30000,4520.00000, 0.00000,5000.00000, 0.00000, 5.30466, 0.00000,400.00000, 5.30466,-0.00000, 0.00000, 0.00000, 0.00000, 0.09245, 0.00000, 0.99572, 0.36466,163.97693,1760.28927,2170.06435,-2.69056,-0.00000,-0.00000,
11.40000,4560.00000, 0.00000,5000.00000, 0.00000, 5.30466, 0.00000,400.00000, 5.30466,-0.00000, 0.00000, 0.00000, 0.00000, 0.09245, 0.00000, 0.99572, 0.36466,163.97693,1760.28927,2170.06435,-2.69056,-0.00000,-0.00000,
11.50000,4600.00000, 0.00000,5000.00000, 0.00000, 5.30466, 0.00000,400.00000, 5.30466,-0.00000, 0.00000, 0.00000, 0.00000, 0.09245, 0.00000, 0.99572, 0.36466,163.97693,1760.28927,2170.06435,-2.69056,-0.00000,-0.00000,
11.60000,4640.00000, 0.00000,5000.00000, 0.00000, 5.30466, 0.00000,400.00000, 5.30466,-0.00000, 0.00000, 0.00000, 0.00000, 0.09245, 0.00000, 0.99572, 0.36466,163.97693,1760.28927,2170.06435,-2.69056,-0.00000,-0.00000,
11.70000,4680.00000, 0.00000,5000.00000, 0.00000, 5.30466, 0.00000,400.00000, 5.30466,-0.00000, 0.00000, 0.00000, 0.00000, 0.09245, 0.00000, 0.99572, 0.36466,163.97693,1760.28927,2170.06435,-2.69056,-0.00000,-0.00000,
11.80000,4720.00000, 0.00000,5000.00000, 0.00000, 5.30466, 0.00000,400.00000, 5.30466,-0.00000, 0.00000, 0.00000, 0.00000, 0.09245, 0.00000, 0.99572, 0.36466,163.97693,1760.28927,2170.06435,-2.69056,-0.00000,-0.00000,
11.90000,4760.00000, 0.00000,5000.00000, 0.00000, 5.30466, 0.00000,400.00000, 5.30466,-0.00000, 0.00000, 0.00000, 0.00000, 0.09245, 0.00000, 0.99572, 0.36466,163.97693,1760.28927,2170.06435,-2.69056,-0.00000,-0.00000,
12.00000,4800.00000, 0.00000,5000.00000, 0.00000, 5.30466, 0.00000,400.00000, 5.30466,-0.00000, 0.00000, 0.00000, 0.00000, 0.09245, 0.00000, 0.99572, 0.36466,163.97693,1760.28927,2170.06435,-2.69056,-0.00000,-0.00000,
12.10000,4840.00000, 0.00000,5000.00000, 0.00000, 5.30466, 0.00000,400.00000, 5.30466,-0.00000, 0.00000, 0.00000, 0.00000, 0.09245, 0.00000, 0.99572, 0.36466,163.97693,1760.28927,2170.06435,-2.69056,-0.00000,-0.00000,
12.20000,4880.00000, 0.00000,5000.00000, 0.00000, 5.30466, 0.00000,400.00000, 5.30466,-0.00000, 0.00000, 0.00000, 0.00000, 0.09245, 0.00000, 0.99572, 0.36466,163.97693,1760.28927,2170.06435,-2.69056,-0.00000,-0.00000,
12.30000,4920.00000, 0.00000,5000.00000, 0.00000, 5.30466, 0.00000,400.00000, 5.30466,-0.00000, 0.00000, 0.00000, 0.00000, 0.09245, 0.00000, 0.99572, 0.36466,163.97693,1760.28927,2170.06435,-2.69056,-0.00000,-0.00000,
12.40000,4960.00000, 0.00000,5000.00000, 0.00000, 5.30466, 0.00000,400.00000, 5.30466,-0.00000, 0.00000, 0.00000, 0.00000, 0.09245, 0.00000, 0.99572, 0.36466,163.97693,1760.28927,2170.06435,-2.69056,-0.00000,-0.00000,
12.50000,5000.00000, 0.00000,5000.00000, 0.00000, 5.30466, 0.00000,400.00000, 5.30466,-0.00000, 0.00000, 0.00000, 0.00000, 0.09245, 0.00000, 0.99572, 0.36466,163.97693,1760.28927,2170.06435,-2.69056,-0.00000,-0.00000,
12.60000,5040.00000, 0.00000,5000.00000, 0.00000, 5.30466, 0.00000,400.00000, 5.30466,-0.00000, 0.00000, 0.00000, 0.00000, 0.09245, 0.00000, 0.99572, 0.36466,163.97693,1760.28927,2170.06435,-2.69056,-0.00000,-0.00000,
12.70000,5080.00000, 0.00000,5000.00000, 0.00000, 5.30466, 0.00000,400.00000, 5.30466,-0.00000, 0.00000, 0.00000, 0.00000, 0.09245, 0.00000, 0.99572, 0.36466,163.97693,1760.28927,2170.06435,-2.69056,-0.00000,-0.00000,
12.80000,5120.00000, 0.00000,5000.00000, 0.00000, 5.30466, 0.00000,400.00000, 5.30466,-0.00000, 0.00000, 0.00000, 0.00000, 0.09245, 0.00000, 0.99572, 0.36466,163.97693,1760.28927,2170.06435,-2.69056,-0.00000,-0.00000,
12.90000,5160.00000, 0.00000,5000.00000, 0.00000, 5.30466, 0.00000,400.00000, 5.30466,-0.00000, 0.00000, 0.00000, 0.00000, 0.09245, 0.00000, 0.99572, 0.36466,163.97693,1760.28927,2170.06435,-2.69056,-0.00000,-0.00000,
13.00000,5200.00000, 0.00000,5000.00000, 0.00000, 5.30466, 0.00000,400.00000, 5.30466,-0.00000, 0.00000, 0.00000, 0.00000, 0.09245, 0.00000, 0.99572, 0.36466,163.97693,1760.28927,2170.06435,-2.69056,-0.00000,-0.00000,
13.10000,5240.00000, 0.00000,5000.00000, 0.00000, 5.30466, 0.00000,400.00000, 5.30466,-0.00000, 0.00000, 0.00000, 0.00000, 0.09245, 0.00000, 0.99572, 0.36466,163.97693,1760.28927,2170.06435,-2.69056,-0.00000,-0.00000,
13.20000,5280.00000, 0.00000,5000.00000, 0.00000, 5.30466, 0.00000,400.00000, 5.30466,-0.00000, 0.00000, 0.00000, 0.00000, 0.09245, 0.00000, 0.99572, 0.36466,163.97693,1760.28927,2170.06435,-2.69056,-0.00000,-0.00000,
13.30000,5320.00000, 0.00000,5000.00000, 0.00000, 5.30466, 0.00000,400.00000, 5.30466,-0.00000, 0.00000, 0.00000, 0.00000, 0.09245, 0.00000, 0.99572, 0.36466,163.97693,1760.28927,2170.06435,-2.69056,-0.00000,-0.00000,
13.40000,5360.00000, 0.00000,5000.00000, 0.00000, 5.30466, 0.00000,400.00000, 5.30466,-0.00000, 0.00000, 0.00000, 0.00000, 0.09245, 0.00000, 0.99572, 0.36466,163.97693,1760.28927,2170.06435,-2.69056,-0.00000,-0.00000,
13.50000,5400.00000, 0.00000,5000.00000, 0.00000, 5.30466, 0.00000,400.00000, 5.30466,-0.00000, 0.00000, 0.00000, 0.00000, 0.09245, 0.00000, 0.99572, 0.36466,163.97693,1760.28927,2170.06435,-2.69056,-0.00000,-0.00000,
13.60000,5440.00000, 0.00000,5000.00000, 0.00000, 5.30466, 0.00000,400.00000, 5.30466,-0.00000, 0.00000, 0.00000, 0.00000, 0.09245, 0.00000, 0.99572, 0.36466,163.97693,1760.28927,2170.06435,-2.69056,-0.00000,-0.00000,
13.70000,5480.00000, 0.00000,5000.00000, 0.00000, 5.30466, 0.00000,400.00000, 5.30466,-0.00000, 0.00000, 0.00000, 0.00000, 0.09245, 0.00000, 0.99572, 0.36466,163.97693,1760.28927,2170.06435,-2.69056,-0.00000,-0.00000,
13.80000,5520.00000, 0.00000,5000.00000, 0.00000, 5.30466, 0.00000,400.00000, 5.30466,-0.00000, 0.00000, 0.00000, 0.00000, 0.09245, 0.00000, 0.99572, 0.36466,163.97693,1760.28927,2170.06435,-2.69056,-0.00000,-0.00000,
13.90000,5560.00000, 0.00000,5000.00000, 0.00000, 5.30466, 0.00000,400.00000, 5.30466,-0.00000, 0.00000, 0.00000, 0.00000, 0.09245, 0.00000, 0.99572, 0.36466,163.97693,1760.28927,2170.06435,-2.69056,-0.00000,-0.00000,
14.00000,5600.00000, 0.00000,5000.00000, 0.00000, 5.30466, 0.00000,400.00000, 5.30466,-0.00000, 0.00000, 0.00000, 0.00000, 0.09245, 0.00000, 0.99572, 0.36466,163.97693,1760.28927,2170.06435,-2.69056,-0.00000,-0.00000,
14.10000,5640.00000, 0.00000,5000.00000, 0.00000, 5.30466, 0.00000,400.00000, 5.30466,-0.00000, 0.00000, 0.00000, 0.00000, 0.09245, 0.00000, 0.99572, 0.36466,163.97693,1760.28927,2170.06435,-2.69056,-0.00000,-0.00000,
14.20000,5680.00000, 0.00000,5000.00000, 0.00000, 5.30466, 0.00000,400.00000, 5.30466,-0.00000, 0.00000, 0.00000, 0.00000, 0.09245, 0.00000, 0.99572, 0.36466,163.97693,1760.28927,2170.06435,-2.69056,-0.00000,-0.00000,
14.30000,5720.00000, 0.00000,5000.00000, 0.00000, 5.30466, 0.00000,400.00000, 5.30466,-0.00000, 0.00000, 0.00000, 0.00000, 0.09245, 0.00000, 0.99572, 0.36466,163.97693,1760.28927,2170.06435,-2.69056,-0.00000,-0.00000,
14.40000,5760.00000, 0.00000,5000.00000, 0.00000, 5.30466, 0.00000,400.00000, 5.30466,-0.00000, 0.00000, 0.00000, 0.00000, 0.09245, 0.00000, 0.99572, 0.36466,163.97693,1760.28927,2170.06435,-2.69056,-0.00000,-0.00000,
14.50000,5800.00000, 0.00000,5000.00000, 0.00000, 5.30466, 0.00000,400.00000, 5.30466,-0.00000, 0.00000, 0.00000, 0.00000, 0.09245, 0.00000, 0.99572, 0.36466,163.97693,1760.28927,2170.06435,-2.69056,-0.00000,-0.00000,
14.60000,5840.00000, 0.00000,5000.00000, 0.00000, 5.30466, 0.00000,400.00000, 5.30466,-0.00000, 0.00000, 0.00000, 0.00000, 0.09245, 0.00000, 0.99572, 0.36466,163.97693,1760.28927,2170.06435,-2.69056,-0.00000,-0.00000,
14.70000,5880.00000, 0.00000,5000.00000, 0.00000, 5.30466, 0.00000,400.00000, 5.30466,-0.00000, 0.00000, 0.00000, 0.00000, 0.09245, 0.00000, 0.99572, 0.36466,163.97693,1760.28927,2170.06435,-2.69056,-0.00000,-0.00000,
14.80000,5920.00000, 0.00000,5000.00000, 0.00000, 5.30466, 0.00000,400.00000, 5.30466,-0.00000, 0.00000, 0.00000, 0.00000, 0.09245, 0.00000, 0.99572, 0.36466,163.97693,1760.28927,2170.06435,-2.69056,-0.00000,-0.00000,
14.90000,5960.00000, 0.00000,5000.00000, 0.00000, 5.30466, 0.00000,400.00000, 5.30466,-0.00000, 0.00000, 0.00000, 0.00000, 0.09245, 0.00000, 0.99572, 0.36466,163.97693,1760.28927,2170.06435,-2.69056,-0.00000,-0.00000,
15.00000,6000.00000, 0.00000,5000.00000, 0.00000, 5.30466, 0.00000,400.00000, 5.30466,-0.00000, 0.00000, 0.00000, 0.00000, 0.09245, 0.00000, 0.99572, 0.36466,163.97693,1760.28927,2170.06435,-2.69056,-0.00000,-0.00000,
15.10000,6040.00000, 0.00000,5000.00000, 0.00000, 5.30466, 0.00000,400.00000, 5.30466,-0.00000, 0.00000, 0.00000, 0.00000, 0.09245, 0.00000, 0.99572, 0.36466,163.97693,1760.28927,2170.06435,-2.69056,-0.00000,-0.00000,
15.20000,6080.00000, 0.00000,5000.00000, 0.00000, 5.30466, 0.00000,400.00000, 5.30466,-0.00000, 0.00000, 0.00000, 0.00000, 0.09245, 0.00000, 0.99572, 0.36466,163.97693,1760.28927,2170.06435,-2.69056,-0.00000,-0.00000,
15.30000,6120.00000, 0.00000,5000.00000, 0.00000, 5.30466, 0.00000,400.00000, 5.30466,-0.00000, 0.00000, 0.00000, 0.00000, 0.09245, 0.00000, 0.99572, 0.36466,163.97693,1760.28927,2170.06435,-2.69056,-0.00000,-0.00000,
15.40000,6160.00000, 0.00000,5000.00000, 0.00000, 5.30466, 0.00000,400.00000, 5.30466,-0.00000, 0.00000, 0.00000, 0.00000, 0.09245, 0.00000, 0.99572, 0.36466,163.97693,1760.28927,2170.06435,-2.69056,-0.00000,-0.00000,
15.50000,6200.00000, 0.00000,5000.00000, 0.00000, 5.30466, 0.00000,400.00000, 5.30466,-0.00000, 0.00000, 0.00000, 0.00000, 0.09245, 0.00000, 0.99572, 0.36466,163.97693,1760.28927,2170.06435,-2.69056,-0.00000,-0.00000,
15.60000,6240.00000, 0.00000,5000.00000, 0.00000, 5.30466, 0.00000,400.00000, 5.30466,-0.00000, 0.00000, 0.00000, 0.00000, 0.09245, 0.00000, 0.99572, 0.36466,163.97693,1760.28927,2170.06435,-2.69056,-0.00000,-0.00000,
15.70000,6280.00000, 0.00000,5000.00000, 0.00000, 5.30466, 0.00000,400.00000, 5.30466,-0.00000, 0.00000, 0.00000, 0.00000, 0.09245, 0.00000, 0.99572, 0.36466,163.97693,1760.28927,2170.06435,-2.69056,-0.00000,-0.00000,
15.80000,6320.00000, 0.00000,5000.00000, 0.00000, 5.30466, 0.00000,400.00000, 5.30466,-0.00000, 0.00000, 0.00000, 0.00000, 0.09245, 0.00000, 0.99572, 0.36466,163.97693,1760.28927,2170.06435,-2.69056,-0.00000,-0.00000,
15.90000,6360.00000, 0.00000,5000.00000, 0.00000, 5.30466, 0.00000,400.00000, 5.30466,-0.00000, 0.00000, 0.00000, 0.00000, 0.09245, 0.00000, 0.99572, 0.36466,163.97693,1760.28927,2170.06435,-2.69056,-0.00000,-0.00000,
16.00000,6400.00000, 0.00000,5000.00000, 0.00000, 5.30466, 0.00000,400.00000, 5.30466,-0.00000, 0.00000, 0.00000, 0.00000, 0.09245, 0.00000, 0.99572, 0.36466,163.97693,1760.28927,2170.06435,-2.69056,-0.00000,-0.00000,
16.10000,6440.00000, 0.00000,5000.00000, 0.00000, 5.30466, 0.00000,400.00000, 5.30466,-0.00000, 0.00000, 0.00000, 0.00000, 0.09245, 0.00000, 0.99572, 0.36466,163.97693,1760.28927,2170.06435,-2.69056,-0.00000,-0.00000,
16.20000,6480.00000, 0.00000,5000.00000, 0.00000, 5.30466, 0.00000,400.00000, 5.30466,-0.00000, 0.00000, 0.00000, 0.00000, 0.09245, 0.00000, 0.99572, 0.36466,163.97693,1760.28927,2170.06435,-2.69056,-0.00000,-0.00000,
16.30000,6520.00000, 0.00000,5000.00000, 0.00000, 5.30466, 0.00000,400.00000, 5.30466,-0.00000, 0.00000, 0.00000, 0.00000, 0.09245, 0.00000, 0.99572, 0.36466,163.97693,1760.28927,2170.06435,-2.69056,-0.00000,-0.00000,
16.40000,6560.00000, 0.00000,5000.00000, 0.00000, 5.30466, 0.00000,400.00000, 5.30466,-0.00000, 0.00000, 0.00000, 0.00000, 0.09245, 0.00000, 0.99572, 0.36466,163.97693,1760.28927,2170.06435,-2.69056,-0.00000,-0.00000,
16.50000,6600.00000, 0.00000,5000.00000, 0.00000, 5.30466, 0.00000,400.00000, 5.30466,-0.00000, 0.00000, 0.00000, 0.00000, 0.09245, 0.00000, 0.99572, 0.36466,163.97693,1760.28927,2170.06435,-2.69056,-0.00000,-0.00000,
16.60000,6640.00000, 0.00000,5000.00000, 0.00000, 5.30466, 0.00000,400.00000, 5.30466,-0.00000, 0.00000, 0.00000, 0.00000, 0.09245, 0.00000, 0.99572, 0.36466,163.97693,1760.28927,2170.06435,-2.69056,-0.00000,-0.00000,
16.70000,6680.00000, 0.00000,5000.00000, 0.00000, 5.30466, 0.00000,400.00000, 5.30466,-0.00000, 0.00000, 0.00000, 0.00000, 0.09245, 0.00000, 0.99572, 0.36466,163.97693,1760.28927,2170.06435,-2.69056,-0.00000,-0.00000,
16.80000,6720.00000, 0.00000,5000.00000, 0.00000, 5.30466, 0.00000,400.00000, 5.30466,-0.00000, 0.00000, 0.00000, 0.00000, 0.09245, 0.00000, 0.99572, 0.36466,163.97693,1760.28927,2170.06435,-2.69056,-0.00000,-0.00000,
16.90000,6760.00000, 0.00000,5000.00000, 0.00000, 5.30466, 0.00000,400.00000, 5.30466,-0.00000, 0.00000, 0.00000, 0.00000, 0.09245, 0.00000, 0.99572, 0.36466,163.97693,1760.28927,2170.06435,-2.69056,-0.00000,-0.00000,
17.00000,6800.00000, 0.00000,5000.00000, 0.00000, 5.30466, 0.00000,400.00000, 5.30466,-0.00000, 0.00000, 0.00000, 0.00000, 0.09245, 0.00000, 0.99572, 0.36466,163.97693,1760.28927,2170.06435,-2.69056,-0.00000,-0.00000,
17.10000,6840.00000, 0.00000,5000.00000, 0.00000, 5.30466, 0.00000,400.00000, 5.30466,-0.00000, 0.00000, 0.00000, 0.00000, 0.09245, 0.00000, 0.99572, 0.36466,163.97693,1760.28927,2170.06435,-2.69056,-0.00000,-0.00000,
17.20000,6880.00000, 0.00000,5000.00000, 0.00000, 5.30466, 0.00000,400.00000, 5.30466,-0.00000, 0.00000, 0.00000, 0.00000, 0.09245, 0.00000, 0.99572, 0.36466,163.97693,1760.28927,2170.06435,-2.69056,-0.00000,-0.00000,
17.30000,6920.00000, 0.00000,5000.00000, 0.00000, 5.30466, 0.00000,400.00000, 5.30466,-0.00000, 0.00000, 0.00000, 0.00000, 0.09245, 0.00000, 0.99572, 0.36466,163.97693,1760.28927,2170.06435,-2.69056,-0.00000,-0.00000,
17.40000,6960.00000, 0.00000,5000.00000, 0.00000, 5.30466, 0.00000,400.00000, 5.30466,-0.00000, 0.00000, 0.00000, 0.00000, 0.09245, 0.00000, 0.99572, 0.36466,163.97693,1760.28927,2170.06435,-2.69056,-0.00000,-0.00000,
17.50000,7000.00000, 0.00000,5000.00000, 0.00000, 5.30466, 0.00000,400.00000, 5.30466,-0.00000, 0.00000, 0.00000, 0.00000, 0.09245, 0.00000, 0.99572, 0.36466,163.97693,1760.28927,2170.06435,-2.69056,-0.00000,-0.00000,
17.60000,7040.00000, 0.00000,5000.00000, 0.00000, 5.30466, 0.00000,400.00000, 5.30466,-0.00000, 0.00000, 0.00000, 0.00000, 0.09245, 0.00000, 0.99572, 0.36466,163.97693,1760.28927,2170.06435,-2.69056,-0.00000,-0.00000,
17.70000,7080.00000, 0.00000,5000.00000, 0.00000, 5.30466, 0.00000,400.00000, 5.30466,-0.00000, 0.00000, 0.00000, 0.00000, 0.09245, 0.00000, 0.99572, 0.36466,163.97693,1760.28927,2170.06435,-2.69056,-0.00000,-0.00000,
17.80000,7120.00000, 0.00000,5000.00000, 0.00000, 5.30466, 0.00000,400.00000, 5.30466,-0.00000, 0.00000, 0.00000, 0.00000, 0.09245, 0.00000, 0.99572, 0.36466,163.97693,1760.28927,2170.06435,-2.69056,-0.00000,-0.00000,
17.90000,7160.00000, 0.00000,5000.00000, 0.00000, 5.30466, 0.00000,400.00000, 5.30466,-0.00000, 0.00000, 0.00000, 0.00000, 0.09245, 0.00000, 0.99572, 0.36466,163.97693,1760.28927,2170.06435,-2.69056,-0.00000,-0.00000,
18.00000,7200.00000, 0.00000,5000.00000, 0.00000, 5.30466, 0.00000,400.00000, 5.30466,-0.00000, 0.00000, 0.00000, 0.00000, 0.09245, 0.00000, 0.99572, 0.36466,163.97693,1760.28927,2170.06435,-2.69056,-0.00000,-0.00000,
18.10000,7240.00000, 0.00000,5000.00000, 0.00000, 5.30466, 0.00000,400.00000, 5.30466,-0.00000, 0.00000, 0.00000, 0.00000, 0.09245, 0.00000, 0.99572, 0.36466,163.97693,1760.28927,2170.06435,-2.69056,-0.00000,-0.00000,
18.20000,7280.00000, 0.00000,5000.00000, 0.00000, 5.30466, 0.00000,400.00000, 5.30466,-0.00000, 0.00000, 0.00000, 0.00000, 0.09245, 0.00000, 0.99572, 0.36466,163.97693,1760.28927,2170.06435,-2.69056,-0.00000,-0.00000,
18.30000,7320.00000, 0.00000,5000.00000, 0.00000, 5.30466, 0.00000,400.00000, 5.30466,-0.00000, 0.00000, 0.00000, 0.00000, 0.09245, 0.00000, 0.99572, 0.36466,163.97693,1760.28927,2170.06435,-2.69056,-0.00000,-0.00000,
18.40000,7360.00000, 0.00000,5000.00000, 0.00000, 5.30466, 0.00000,400.00000, 5.30466,-0.00000, 0.00000, 0.00000, 0.00000, 0.09245, 0.00000, 0.99572, 0.36466,163.97693,1760.28927,2170.06435,-2.69056,-0.00000,-0.00000,
18.50000,7400.00000, 0.00000,5000.00000, 0.00000, 5.30466, 0.00000,400.00000, 5.30466,-0.00000, 0.00000, 0.00000, 0.00000, 0.09245, 0.00000, 0.99572, 0.36466,163.97693,1760.28927,2170.06435,-2.69056,-0.00000,-0.00000,
18.60000,7440.00000, 0.00000,5000.00000, 0.00000, 5.30466, 0.00000,400.00000, 5.30466,-0.00000, 0.00000, 0.00000, 0.00000, 0.09245, 0.00000, 0.99572, 0.36466,163.97693,1760.28927,2170.06435,-2.69056,-0.00000,-0.00000,
18.70000,7480.00000, 0.00000,5000.00000, 0.00000, 5.30466, 0.00000,400.00000, 5.30466,-0.00000, 0.00000, 0.00000, 0.00000, 0.09245, 0.00000, 0.99572, 0.36466,163.97693,1760.28927,2170.06435,-2.69056,-0.00000,-0.00000,
18.80000,7520.00000, 0.00000,5000.00000, 0.00000, 5.30466, 0.00000,400.00000, 5.30466,-0.00000, 0.00000, 0.00000, 0.00000, 0.09245, 0.00000, 0.99572, 0.36466,163.97693,1760.28927,2170.06435,-2.69056,-0.00000,-0.00000,
18.90000,7560.00000, 0.00000,5000.00000, 0.00000, 5.30466, 0.00000,400.00000, 5.30466,-0.00000, 0.00000, 0.00000, 0.00000, 0.09245, 0.00000, 0.99572, 0.36466,163.97693,1760.28927,2170.06435,-2.69056,-0.00000,-0.00000,
19.00000,7600.00000, 0.00000,5000.00000, 0.00000, 5.30466, 0.00000,400.00000, 5.30466,-0.00000, 0.00000, 0.00000, 0.00000, 0.09245, 0.00000, 0.99572, 0.36466,163.97693,1760.28927,2170.06435,-2.69056,-0.00000,-0.00000,
19.10000,7640.00000, 0.00000,5000.00000, 0.00000, 5.30466, 0.00000,400.00000, 5.30466,-0.00000, 0.00000, 0.00000, 0.00000, 0.09245, 0.00000, 0.99572, 0.36466,163.97693,1760.28927,2170.06435,-2.69056,-0.00000,-0.00000,
19.20000,7680.00000, 0.00000,5000.00000, 0.00000, 5.30466, 0.00000,400.00000, 5.30466,-0.00000, 0.00000, 0.00000, 0.00000, 0.09245, 0.00000, 0.99572, 0.36466,163.97693,1760.28927,2170.06435,-2.69056,-0.00000,-0.00000,
19.30000,7720.00000, 0.00000,5000.00000, 0.00000, 5.30466, 0.00000,400.00000, 5.30466,-0.00000, 0.00000, 0.00000, 0.00000, 0.09245, 0.00000, 0.99572, 0.36466,163.97693,1760.28927,2170.06435,-2.69056,-0.00000,-0.00000,
19.40000,7760.00000, 0.00000,5000.00000, 0.00000, 5.30466, 0.00000,400.00000, 5.30466,-0.00000, 0.00000, 0.00000, 0.00000, 0.09245, 0.00000, 0.99572, 0.36466,163.97693,1760.28927,2170.06435,-2.69056,-0.00000,-0.00000,
19.50000,7800.00000, 0.00000,5000.00000, 0.00000, 5.30466, 0.00000,400.00000, 5.30466,-0.00000, 0.00000, 0.00000, 0.00000, 0.09245, 0.00000, 0.99572, 0.36466,163.97693,1760.28927,2170.06435,-2.69056,-0.00000,-0.00000,
19.60000,7840.00000, 0.00000,5000.00000, 0.00000, 5.30466, 0.00000,400.00000, 5.30466,-0.00000, 0.00000, 0.00000, 0.00000, 0.09245, 0.00000, 0.99572, 0.36466,163.97693,1760.28927,2170.06435,-2.69056,-0.00000,-0.00000,
19.70000,7880.00000, 0.00000,5000.00000, 0.00000, 5.30466, 0.00000,400.00000, 5.30466,-0.00000, 0.00000, 0.00000, 0.00000, 0.09245, 0.00000, 0.99572, 0.36466,163.97693,1760.28927,2170.06435,-2.69056,-0.00000,-0.00000,
19.80000,7920.00000, 0.00000,5000.00000, 0.00000, 5.30466, 0.00000,400.00000, 5.30466,-0.00000, 0.00000, 0.00000, 0.00000, 0.09245, 0.00000, 0.99572, 0.36466,163.97693,1760.28927,2170.06435,-2.69056,-0.00000,-0.00000,
19.90000,7960.00000, 0.00000,5000.00000, 0.00000, 5.30466, 0.00000,400.00000, 5.30466,-0.00000, 0.00000, 0.00000, 0.00000, 0.09245, 0.00000, 0.99572, 0.36466,163.97693,1760.28927,2170.06435,-2.69056,-0.00000,-0.00000,
20.00000,8000.00000, 0.00000,5000.00000, 0.00000, 5.30466, 0.00000,400.00000, 5.30466,-0.00000, 0.00000, 0.00000, 0.00000, 0.09245, 0.00000, 0.99572, 0.36466,163.97693,1760.28927,2170.06435,-2.69056,-0.00000,-0.00000,
20.10000,8040.00000, 0.00000,5000.00000, 0.00000, 5.30466, 0.00000,400.00000, 5.30466,-0.00000, 0.00000, 0.00000, 0.00000, 0.09245, 0.00000, 0.99572, 0.36466,163.97693,1760.28927,2170.06435,-2.69056,-0.00000,-0.00000,
20.20000,8080.00000, 0.00000,5000.00000, 0.00000, 5.30466, 0.00000,400.00000, 5.30466,-0.00000, 0.00000, 0.00000, 0.00000, 0.09245, 0.00000, 0.99572, 0.36466,163.97693,1760.28927,2170.06435,-2.69056,-0.00000,-0.00000,
20.30000,8120.00000, 0.00000,5000.00000, 0.00000, 5.30466, 0.00000,400.00000, 5.30466,-0.00000, 0.00000, 0.00000, 0.00000, 0.09245, 0.00000, 0.99572, 0.36466,163.97693,1760.28927,2170.06435,-2.69056,-0.00000,-0.00000,
20.40000,8160.00000, 0.00000,5000.00000, 0.00000, 5.30466, 0.00000,400.00000, 5.30466,-0.00000, 0.00000, 0.00000, 0.00000, 0.09245, 0.00000, 0.99572, 0.36466,163.97693,1760.28927,2170.06435,-2.69056,-0.00000,-0.00000,
20.50000,8200.00000, 0.00000,5000.00000, 0.00000, 5.30466, 0.00000,400.00000, 5.30466,-0.00000, 0.00000, 0.00000, 0.00000, 0.09245, 0.00000, 0.99572, 0.36466,163.97693,1760.28927,2170.06435,-2.69056,-0.00000,-0.00000,
20.60000,8240.00000, 0.00000,5000.00000, 0.00000, 5.30466, 0.00000,400.00000, 5.30466,-0.00000, 0.00000, 0.00000, 0.00000, 0.09245, 0.00000, 0.99572, 0.36466,163.97693,1760.28927,2170.06435,-2.69056,-0.00000,-0.00000,
20.70000,8280.00000, 0.00000,5000.00000, 0.00000, 5.30466, 0.00000,400.00000, 5.30466,-0.00000, 0.00000, 0.00000, 0.00000, 0.09245, 0.00000, 0.99572, 0.36466,163.97693,1760.28927,2170.06435,-2.69056,-0.00000,-0.00000,
20.80000,8320.00000, 0.00000,5000.00000, 0.00000, 5.30466, 0.00000,400.00000, 5.30466,-0.00000, 0.00000, 0.00000, 0.00000, 0.09245, 0.00000, 0.99572, 0.36466,163.97693,1760.28927,2170.06435,-2.69056,-0.00000,-0.00000,
20.90000,8360.00000, 0.00000,5000.00000, 0.00000, 5.30466, 0.00000,400.00000, 5.30466,-0.00000, 0.00000, 0.00000, 0.00000, 0.09245, 0.00000, 0.99572, 0.36466,163.97693,1760.28927,2170.06435,-2.69056,-0.00000,-0.00000,
21.00000,8400.00000, 0.00000,5000.00000, 0.00000, 5.30466, 0.00000,400.00000, 5.30466,-0.00000, 0.00000, 0.00000, 0.00000, 0.09245, 0.00000, 0.99572, 0.36466,163.97693,1760.28927,2170.06435,-2.69056,-0.00000,-0.00000,
21.10000,8440.00000, 0.00000,5000.00000, 0.00000, 5.30466, 0.00000,400.00000, 5.30466,-0.00000, 0.00000, 0.00000, 0.00000, 0.09245, 0.00000, 0.99572, 0.36466,163.97693,1760.28927,2170.06435,-2.69056,-0.00000,-0.00000,
21.20000,8480.00000, 0.00000,5000.00000, 0.00000, 5.30466, 0.00000,400.00000, 5.30466,-0.00000, 0.00000, 0.00000, 0.00000, 0.09245, 0.00000, 0.99572, 0.36466,163.97693,1760.28927,2170.06435,-2.69056,-0.00000,-0.00000,
21.30000,8520.00000, 0.00000,5000.00000, 0.00000, 5.30466, 0.00000,400.00000, 5.30466,-0.00000, 0.00000, 0.00000, 0.00000, 0.09245, 0.00000, 0.99572, 0.36466,163.97693,1760.28927,2170.06435,-2.69056,-0.00000,-0.00000,
21.40000,8560.00000, 0.00000,5000.00000, 0.00000, 5.30466, 0.00000,400.00000, 5.30466,-0.00000, 0.00000, 0.00000, 0.00000, 0.09245, 0.00000, 0.99572, 0.36466,163.97693,1760.28927,2170.06435,-2.69056,-0.00000,-0.00000,
21.50000,8600.00000, 0.00000,5000.00000, 0.00000, 5.30466, 0.00000,400.00000, 5.30466,-0.00000, 0.00000, 0.00000, 0.00000, 0.09245, 0.00000, 0.99572, 0.36466,163.97693,1760.28927,2170.06435,-2.69056,-0.00000,-0.00000,
21.60000,8640.00000, 0.00000,5000.00000, 0.00000, 5.30466, 0.00000,400.00000, 5.30466,-0.00000, 0.00000, 0.00000, 0.00000, 0.09245, 0.00000, 0.99572, 0.36466,163.97693,1760.28927,2170.06435,-2.69056,-0.00000,-0.00000,
21.70000,8680.00000, 0.00000,5000.00000, 0.00000, 5.30466, 0.00000,400.00000, 5.30466,-0.00000, 0.00000, 0.00000, 0.00000, 0.09245, 0.00000, 0.99572, 0.36466,163.97693,1760.28927,2170.06435,-2.69056,-0.00000,-0.00000,
21.80000,8720.00000, 0.00000,5000.00000, 0.00000, 5.30466, 0.00000,400.00000, 5.30466,-0.00000, 0.00000, 0.00000, 0.00000, 0.09245, 0.00000, 0.99572, 0.36466,163.97693,1760.28927,2170.06435,-2.69056,-0.00000,-0.00000,
21.90000,8760.00000, 0.00000,5000.00000, 0.00000, 5.30466, 0.00000,400.00000, 5.30466,-0.00000, 0.00000, 0.00000, 0.00000, 0.09245, 0.00000, 0.99572, 0.36466,163.97693,1760.28927,2170.06435,-2.69056,-0.00000,-0.00000,
22.00000,8800.00000, 0.00000,5000.00000, 0.00000, 5.30466, 0.00000,400.00000, 5.30466,-0.00000, 0.00000, 0.00000, 0.00000, 0.09245, 0.00000, 0.99572, 0.36466,163.97693,1760.28927,2170.06435,-2.69056,-0.00000,-0.00000,
22.10000,8840.00000, 0.00000,5000.00000, 0.00000, 5.30466, 0.00000,400.00000, 5.30466,-0.00000, 0.00000, 0.00000, 0.00000, 0.09245, 0.00000, 0.99572, 0.36466,163.97693,1760.28927,2170.06435,-2.69056,-0.00000,-0.00000,
22.20000,8880.00000, 0.00000,5000.00000, 0.00000, 5.30466, 0.00000,400.00000, 5.30466,-0.00000, 0.00000, 0.00000, 0.00000, 0.09245, 0.00000, 0.99572, 0.36466,163.97693,1760.28927,2170.06435,-2.69056,-0.00000,-0.00000,
22.30000,8920.00000, 0.00000,5000.00000, 0.00000, 5.30466, 0.00000,400.00000, 5.30466,-0.00000, 0.00000, 0.00000, 0.00000, 0.09245, 0.00000, 0.99572, 0.36466,163.97693,1760.28927,2170.06435,-2.69056,-0.00000,-0.00000,
22.40000,8960.00000, 0.00000,5000.00000, 0.00000, 5.30466, 0.00000,400.00000, 5.30466,-0.00000, 0.00000, 0.00000, 0.00000, 0.09245, 0.00000, 0.99572, 0.36466,163.97693,1760.28927,2170.06435,-2.69056,-0.00000,-0.00000,
22.50000,9000.00000, 0.00000,5000.00000, 0.00000, 5.30466, 0.00000,400.00000, 5.30466,-0.00000, 0.00000, 0.00000, 0.00000, 0.09245, 0.00000, 0.99572, 0.36466,163.97693,1760.28927,2170.06435,-2.69056,-0.00000,-0.00000,
22.60000,9040.00000, 0.00000,5000.00000, 0.00000, 5.30466, 0.00000,400.00000, 5.30466,-0.00000, 0.00000, 0.00000, 0.00000, 0.09245, 0.00000, 0.99572, 0.36466,163.97693,1760.28927,2170.06435,-2.69056,-0.00000,-0.00000,
22.70000,9080.00000, 0.00000,5000.00000, 0.00000, 5.30466, 0.00000,400.00000, 5.30466,-0.00000, 0.00000, 0.00000, 0.00000, 0.09245, 0.00000, 0.99572, 0.36466,163.97693,1760.28927,2170.06435,-2.69056,-0.00000,-0.00000,
22.80000,9120.00000, 0.00000,5000.00000, 0.00000, 5.30466, 0.00000,400.00000, 5.30466,-0.00000, 0.00000, 0.00000, 0.00000, 0.09245, 0.00000, 0.99572, 0.36466,163.97693,1760.28927,2170.06435,-2.69056,-0.00000,-0.00000,
22.90000,9160.00000, 0.00000,5000.00000, 0.00000, 5.30466, 0.00000,400.00000, 5.30466,-0.00000, 0.00000, 0.00000, 0.00000, 0.09245, 0.00000, 0.99572, 0.36466,163.97693,1760.28927,2170.06435,-2.69056,-0.00000,-0.00000,
23.00000,9200.00000, 0.00000,5000.00000, 0.00000, 5.30466, 0.00000,400.00000, 5.30466,-0.00000, 0.00000, 0.00000, 0.00000, 0.09245, 0.00000, 0.99572, 0.36466,163.97693,1760.28927,2170.06435,-2.69056,-0.00000,-0.00000,
23.10000,9240.00000, 0.00000,5000.00000, 0.00000, 5.30466, 0.00000,400.00000, 5.30466,-0.00000, 0.00000, 0.00000, 0.00000, 0.09245, 0.00000, 0.99572, 0.36466,163.97693,1760.28927,2170.06435,-2.69056,-0.00000,-0.00000,
23.20000,9280.00000, 0.00000,5000.00000, 0.00000, 5.30466, 0.00000,400.00000, 5.30466,-0.00000, 0.00000, 0.00000, 0.00000, 0.09245, 0.00000, 0.99572, 0.36466,163.97693,1760.28927,2170.06435,-2.69056,-0.00000,-0.00000,
23.30000,9320.00000, 0.00000,5000.00000, 0.00000, 5.30466, 0.00000,400.00000, 5.30466,-0.00000, 0.00000, 0.00000, 0.00000, 0.09245, 0.00000, 0.99572, 0.36466,163.97693,1760.28927,2170.06435,-2.69056,-0.00000,-0.00000,
23.40000,9360.00000, 0.00000,5000.00000, 0.00000, 5.30466, 0.00000,400.00000, 5.30466,-0.00000, 0.00000, 0.00000, 0.00000, 0.09245, 0.00000, 0.99572, 0.36466,163.97693,1760.28927,2170.06435,-2.69056,-0.00000,-0.00000,
23.50000,9400.00000, 0.00000,5000.00000, 0.00000, 5.30466, 0.00000,400.00000, 5.30466,-0.00000, 0.00000, 0.00000, 0.00000, 0.09245, 0.00000, 0.99572, 0.36466,163.97693,1760.28927,2170.06435,-2.69056,-0.00000,-0.00000,
23.60000,9440.00000, 0.00000,5000.00000, 0.00000, 5.30466, 0.00000,400.00000, 5.30466,-0.00000, 0.00000, 0.00000, 0.00000, 0.09245, 0.00000, 0.99572, 0.36466,163.97693,1760.28927,2170.06435,-2.69056,-0.00000,-0.00000,
23.70000,9480.00000, 0.00000,5000.00000, 0.00000, 5.30466, 0.00000,400.00000, 5.30466,-0.00000, 0.00000, 0.00000, 0.00000, 0.09245, 0.00000, 0.99572, 0.36466,163.97693,1760.28927,2170.06435,-2.69056,-0.00000,-0.00000,
23.80000,9520.00000, 0.00000,5000.00000, 0.00000, 5.30466, 0.00000,400.00000, 5.30466,-0.00000, 0.00000, 0.00000, 0.00000, 0.09245, 0.00000, 0.99572, 0.36466,163.97693,1760.28927,2170.06435,-2.69056,-0.00000,-0.00000,
23.90000,9560.00000, 0.00000,5000.00000, 0.00000, 5.30466, 0.00000,400.00000, 5.30466,-0.00000, 0.00000, 0.00000, 0.00000, 0.09245, 0.00000, 0.99572, 0.36466,163.97693,1760.28927,2170.06435,-2.69056,-0.00000,-0.00000,
24.00000,9600.00000, 0.00000,5000.00000, 0.00000, 5.30466, 0.00000,400.00000, 5.30466,-0.00000, 0.00000, 0.00000, 0.00000, 0.09245, 0.00000, 0.99572, 0.36466,163.97693,1760.28927,2170.06435,-2.69056,-0.00000,-0.00000,
24.10000,9640.00000, 0.00000,5000.00000, 0.00000, 5.30466, 0.00000,400.00000, 5.30466,-0.00000, 0.00000, 0.00000, 0.00000, 0.09245, 0.00000, 0.99572, 0.36466,163.97693,1760.28927,2170.06435,-2.69056,-0.00000,-0.00000,
24.20000,9680.00000, 0.00000,5000.00000, 0.00000, 5.30466, 0.00000,400.00000, 5.30466,-0.00000, 0.00000, 0.00000, 0.00000, 0.09245, 0.00000, 0.99572, 0.36466,163.97693,1760.28927,2170.06435,-2.69056,-0.00000,-0.00000,
24.30000,9720.00000, 0.00000,5000.00000, 0.00000, 5.30466, 0.00000,400.00000, 5.30466,-0.00000, 0.00000, 0.00000, 0.00000, 0.09245, 0.00000, 0.99572, 0.36466,163.97693,1760.28927,2170.06435,-2.69056,-0.00000,-0.00000,
24.40000,9760.00000, 0.00000,5000.00000, 0.00000, 5.30466, 0.00000,400.00000, 5.30466,-0.00000, 0.00000, 0.00000, 0.00000, 0.09245, 0.00000, 0.99572, 0.36466,163.97693,1760.28927,2170.06435,-2.69056,-0.00000,-0.00000,
24.50000,9800.00000, 0.00000,5000.00000, 0.00000, 5.30466, 0.00000,400.00000, 5.30466,-0.00000, 0.00000, 0.00000, 0.00000, 0.09245, 0.00000, 0.99572, 0.36466,163.97693,1760.28927,2170.06435,-2.69056,-0.00000,-0.00000,
24.60000,9840.00000, 0.00000,5000.00000, 0.00000, 5.30466, 0.00000,400.00000, 5.30466,-0.00000, 0.00000, 0.00000, 0.00000, 0.09245, 0.00000, 0.99572, 0.36466,163.97693,1760.28927,2170.06435,-2.69056,-0.00000,-0.00000,
24.70000,9880.00000, 0.00000,5000.00000, 0.00000, 5.30466, 0.00000,400.00000, 5.30466,-0.00000, 0.00000, 0.00000, 0.00000, 0.09245, 0.00000, 0.99572, 0.36466,163.97693,1760.28927,2170.06435,-2.69056,-0.00000,-0.00000,
24.80000,9920.00000, 0.00000,5000.00000, 0.00000, 5.30466, 0.00000,400.00000, 5.30466,-0.00000, 0.00000, 0.00000, 0.00000, 0.09245, 0.00000, 0.99572, 0.36466,163.97693,1760.28927,2170.06435,-2.69056,-0.00000,-0.00000,
24.90000,9960.00000, 0.00000,5000.00000, 0.00000, 5.30466, 0.00000,400.00000, 5.30466,-0.00000, 0.00000, 0.00000, 0.00000, 0.09245, 0.00000, 0.99572, 0.36466,163.97693,1760.28927,2170.06435,-2.69056,-0.00000,-0.00000,
25.00000,10000.00000, 0.00000,5000.00000, 0.00000, 5.30466, 0.00000,400.00000, 5.30466,-0.00000, 0.00000, 0.00000, 0.00000, 0.09245, 0.00000, 0.99572, 0.36466,163.97693,1760.28927,2170.06435,-2.69056,-0.00000,-0.00000,
25.10000,10040.00000, 0.00000,5000.00000, 0.00000, 5.30466, 0.00000,400.00000, 5.30466,-0.00000, 0.00000, 0.00000, 0.00000, 0.09245, 0.00000, 0.99572, 0.36466,163.97693,1760.28927,2170.06435,-2.69056,-0.00000,-0.00000,
25.20000,10080.00000, 0.00000,5000.00000, 0.00000, 5.30466, 0.00000,400.00000, 5.30466,-0.00000, 0.00000, 0.00000, 0.00000, 0.09245, 0.00000, 0.99572, 0.36466,163.97693,1760.28927,2170.06435,-2.69056,-0.00000,-0.00000,
25.30000,10120.00000, 0.00000,5000.00000, 0.00000, 5.30466, 0.00000,400.00000, 5.30466,-0.00000, 0.00000, 0.00000, 0.00000, 0.09245, 0.00000, 0.99572, 0.36466,163.97693,1760.28927,2170.06435,-2.69056,-0.00000,-0.00000,
25.40000,10160.00000, 0.00000,5000.00000, 0.00000, 5.30466, 0.00000,400.00000, 5.30466,-0.00000, 0.00000, 0.00000, 0.00000, 0.09245, 0.00000, 0.99572, 0.36466,163.97693,1760.28927,2170.06435,-2.69056,-0.00000,-0.00000,
25.50000,10200.00000, 0.00000,5000.00000, 0.00000, 5.30466, 0.00000,400.00000, 5.30466,-0.00000, 0.00000, 0.00000, 0.00000, 0.09245, 0.00000, 0.99572, 0.36466,163.97693,1760.28927,2170.06435,-2.69056,-0.00000,-0.00000,
25.60000,10240.00000, 0.00000,5000.00000, 0.00000, 5.30466, 0.00000,400.00000, 5.30466,-0.00000, 0.00000, 0.00000, 0.00000, 0.09245, 0.00000, 0.99572, 0.36466,163.97693,1760.28927,2170.06435,-2.69056,-0.00000,-0.00000,
25.70000,10280.00000, 0.00000,5000.00000, 0.00000, 5.30466, 0.00000,400.00000, 5.30466,-0.00000, 0.00000, 0.00000, 0.00000, 0.09245, 0.00000, 0.99572, 0.36466,163.97693,1760.28927,2170.06435,-2.69056,-0.00000,-0.00000,
25.80000,10320.00000, 0.00000,5000.00000, 0.00000, 5.30466, 0.00000,400.00000, 5.30466,-0.00000, 0.00000, 0.00000, 0.00000, 0.09245, 0.00000, 0.99572, 0.36466,163.97693,1760.28927,2170.06435,-2.69056,-0.00000,-0.00000,
25.90000,10360.00000, 0.00000,5000.00000, 0.00000, 5.30466, 0.00000,400.00000, 5.30466,-0.00000, 0.00000, 0.00000, 0.00000, 0.09245, 0.00000, 0.99572, 0.36466,163.97693,1760.28927,2170.06435,-2.69056,-0.00000,-0.00000,
26.00000,10400.00000, 0.00000,5000.00000, 0.00000, 5.30466, 0.00000,400.00000, 5.30466,-0.00000, 0.00000, 0.00000, 0.00000, 0.09245, 0.00000, 0.99572, 0.36466,163.97693,1760.28927,2170.06435,-2.69056,-0.00000,-0.00000,
26.10000,10440.00000, 0.00000,5000.00000, 0.00000, 5.30466, 0.00000,400.00000, 5.30466,-0.00000, 0.00000, 0.00000, 0.00000, 0.09245, 0.00000, 0.99572, 0.36466,163.97693,1760.28927,2170.06435,-2.69056,-0.00000,-0.00000,
26.20000,10480.00000, 0.00000,5000.00000, 0.00000, 5.30466, 0.00000,400.00000, 5.30466,-0.00000, 0.00000, 0.00000, 0.00000, 0.09245, 0.00000, 0.99572, 0.36466,163.97693,1760.28927,2170.06435,-2.69056,-0.00000,-0.00000,
26.30000,10520.00000, 0.00000,5000.00000, 0.00000, 5.30466, 0.00000,400.00000, 5.30466,-0.00000, 0.00000, 0.00000, 0.00000, 0.09245, 0.00000, 0.99572, 0.36466,163.97693,1760.28927,2170.06435,-2.69056,-0.00000,-0.00000,
26.40000,10560.00000, 0.00000,5000.00000, 0.00000, 5.30466, 0.00000,400.00000, 5.30466,-0.00000, 0.00000, 0.00000, 0.00000, 0.09245, 0.00000, 0.99572, 0.36466,163.97693,1760.28927,2170.06435,-2.69056,-0.00000,-0.00000,
26.50000,10600.00000, 0.00000,5000.00000, 0.00000, 5.30466, 0.00000,400.00000, 5.30466,-0.00000, 0.00000, 0.00000, 0.00000, 0.09245, 0.00000, 0.99572, 0.36466,163.97693,1760.28927,2170.06435,-2.69056,-0.00000,-0.00000,
26.60000,10640.00000, 0.00000,5000.00000, 0.00000, 5.30466, 0.00000,400.00000, 5.30466,-0.00000, 0.00000, 0.00000, 0.00000, 0.09245, 0.00000, 0.99572, 0.36466,163.97693,1760.28927,2170.06435,-2.69056,-0.00000,-0.00000,
26.70000,10680.00000, 0.00000,5000.00000, 0.00000, 5.30466, 0.00000,400.00000, 5.30466,-0.00000, 0.00000, 0.00000, 0.00000, 0.09245, 0.00000, 0.99572, 0.36466,163.97693,1760.28927,2170.06435,-2.69056,-0.00000,-0.00000,
26.80000,10720.00000, 0.00000,5000.00000, 0.00000, 5.30466, 0.00000,400.00000, 5.30466,-0.00000, 0.00000, 0.00000, 0.00000, 0.09245, 0.00000, 0.99572, 0.36466,163.97693,1760.28927,2170.06435,-2.69056,-0.00000,-0.00000,
26.90000,10760.00000, 0.00000,5000.00000, 0.00000, 5.30466, 0.00000,400.00000, 5.30466,-0.00000, 0.00000, 0.00000, 0.00000, 0.09245, 0.00000, 0.99572, 0.36466,163.97693,1760.28927,2170.06435,-2.69056,-0.00000,-0.00000,
27.00000,10800.00000, 0.00000,5000.00000, 0.00000, 5.30466, 0.00000,400.00000, 5.30466,-0.00000, 0.00000, 0.00000, 0.00000, 0.09245, 0.00000, 0.99572, 0.36466,163.97693,1760.28927,2170.06435,-2.69056,-0.00000,-0.00000,
27.10000,10840.00000, 0.00000,5000.00000, 0.00000, 5.30466, 0.00000,400.00000, 5.30466,-0.00000, 0.00000, 0.00000, 0.00000, 0.09245, 0.00000, 0.99572, 0.36466,163.97693,1760.28927,2170.06435,-2.69056,-0.00000,-0.00000,
27.20000,10880.00000, 0.00000,5000.00000, 0.00000, 5.30466, 0.00000,400.00000, 5.30466,-0.00000, 0.00000, 0.00000, 0.00000, 0.09245, 0.00000, 0.99572, 0.36466,163.97693,1760.28927,2170.06435,-2.69056,-0.00000,-0.00000,
27.30000,10920.00000, 0.00000,5000.00000, 0.00000, 5.30466, 0.00000,400.00000, 5.30466,-0.00000, 0.00000, 0.00000, 0.00000, 0.09245, 0.00000, 0.99572, 0.36466,163.97693,1760.28927,2170.06435,-2.69056,-0.00000,-0.00000,
27.40000,10960.00000, 0.00000,5000.00000, 0.00000, 5.30466, 0.00000,400.00000, 5.30466,-0.00000, 0.00000, 0.00000, 0.00000, 0.09245, 0.00000, 0.99572, 0.36466,163.97693,1760.28927,2170.06435,-2.69056,-0.00000,-0.00000,
27.50000,11000.00000, 0.00000,5000.00000, 0.00000, 5.30466, 0.00000,400.00000, 5.30466,-0.00000, 0.00000, 0.00000, 0.00000, 0.09245, 0.00000, 0.99572, 0.36466,163.97693,1760.28927,2170.06435,-2.69056,-0.00000,-0.00000,
27.60000,11040.00000, 0.00000,5000.00000, 0.00000, 5.30466, 0.00000,400.00000, 5.30466,-0.00000, 0.00000, 0.00000, 0.00000, 0.09245, 0.00000, 0.99572, 0.36466,163.97693,1760.28927,2170.06435,-2.69056,-0.00000,-0.00000,
27.70000,11080.00000, 0.00000,5000.00000, 0.00000, 5.30466, 0.00000,400.00000, 5.30466, 0.00000, 0.00000, 0.00000, 0.00000, 0.09245, 0.00000, 0.99572, 0.36466,163.97693,1760.28927,2170.06435,-2.69056,-0.00000,-0.00000,
27.80000,11120.00000, 0.00000,5000.00000, 0.00000, 5.30466, 0.00000,400.00000, 5.30466, 0.00000, 0.00000, 0.00000, 0.00000, 0.09245, 0.00000, 0.99572, 0.36466,163.97693,1760.28927,2170.06435,-2.69056,-0.00000,-0.00000,
27.90000,11160.00000, 0.00000,5000.00000, 0.00000, 5.30466, 0.00000,400.00000, 5.30466, 0.00000, 0.00000, 0.00000, 0.00000, 0.09245, 0.00000, 0.99572, 0.36466,163.97693,1760.28927,2170.06435,-2.69056,-0.00000,-0.00000,
28.00000,11200.00000, 0.00000,5000.00000, 0.00000, 5.30466, 0.00000,400.00000, 5.30466, 0.00000, 0.00000, 0.00000, 0.00000, 0.09245, 0.00000, 0.99572, 0.36466,163.97693,1760.28927,2170.06435,-2.69056,-0.00000,-0.00000,
28.10000,11240.00000, 0.00000,5000.00000, 0.00000, 5.30466, 0.00000,400.00000, 5.30466, 0.00000, 0.00000, 0.00000, 0.00000, 0.09245, 0.00000, 0.99572, 0.36466,163.97693,1760.28927,2170.06435,-2.69056,-0.00000,-0.00000,
28.20000,11280.00000, 0.00000,5000.00000, 0.00000, 5.30466, 0.00000,400.00000, 5.30466, 0.00000, 0.00000, 0.00000, 0.00000, 0.09245, 0.00000, 0.99572, 0.36466,163.97693,1760.28927,2170.06435,-2.69056,-0.00000,-0.00000,
28.30000,11320.00000, 0.00000,5000.00000, 0.00000, 5.30466, 0.00000,400.00000, 5.30466, 0.00000, 0.00000, 0.00000, 0.00000, 0.09245, 0.00000, 0.99572, 0.36466,163.97693,1760.28927,2170.06435,-2.69056,-0.00000,-0.00000,
28.40000,11360.00000, 0.00000,5000.00000, 0.00000, 5.30466, 0.00000,400.00000, 5.30466, 0.00000, 0.00000, 0.00000, 0.00000, 0.09245, 0.00000, 0.99572, 0.36466,163.97693,1760.28927,2170.06435,-2.69056,-0.00000,-0.00000,
28.50000,11400.00000, 0.00000,5000.00000, 0.00000, 5.30466, 0.00000,400.00000, 5.30466, 0.00000, 0.00000, 0.00000, 0.00000, 0.09245, 0.00000, 0.99572, 0.36466,163.97693,1760.28927,2170.06435,-2.69056,-0.00000,-0.00000,
28.60000,11440.00000, 0.00000,5000.00000, 0.00000, 5.30466, 0.00000,400.00000, 5.30466, 0.00000, 0.00000, 0.00000, 0.00000, 0.09245, 0.00000, 0.99572, 0.36466,163.97693,1760.28927,2170.06435,-2.69056,-0.00000,-0.00000,
28.70000,11480.00000, 0.00000,5000.00000, 0.00000, 5.30466, 0.00000,400.00000, 5.30466, 0.00000, 0.00000, 0.00000, 0.00000, 0.09245, 0.00000, 0.99572, 0.36466,163.97693,1760.28927,2170.06435,-2.69056,-0.00000,-0.00000,
28.80000,11520.00000, 0.00000,5000.00000, 0.00000, 5.30466, 0.00000,400.00000, 5.30466, 0.00000, 0.00000, 0.00000, 0.00000, 0.09245, 0.00000, 0.99572, 0.36466,163.97693,1760.28927,2170.06435,-2.69056,-0.00000,-0.00000,
28.90000,11560.00000, 0.00000,5000.00000, 0.00000, 5.30466, 0.00000,400.00000, 5.30466, 0.00000, 0.00000, 0.00000, 0.00000, 0.09245, 0.00000, 0.99572, 0.36466,163.97693,1760.28927,2170.06435,-2.69056,-0.00000,-0.00000,
29.00000,11600.00000, 0.00000,5000.00000, 0.00000, 5.30466, 0.00000,400.00000, 5.30466, 0.00000, 0.00000, 0.00000, 0.00000, 0.09245, 0.00000, 0.99572, 0.36466,163.97693,1760.28927,2170.06435,-2.69056,-0.00000,-0.00000,
29.10000,11640.00000, 0.00000,5000.00000, 0.00000, 5.30466, 0.00000,400.00000, 5.30466, 0.00000, 0.00000, 0.00000, 0.00000, 0.09245, 0.00000, 0.99572, 0.36466,163.97693,1760.28927,2170.06435,-2.69056,-0.00000,-0.00000,
29.20000,11680.00000, 0.00000,5000.00000, 0.00000, 5.30466, 0.00000,400.00000, 5.30466, 0.00000, 0.00000, 0.00000, 0.00000, 0.09245, 0.00000, 0.99572, 0.36466,163.97693,1760.28927,2170.06435,-2.69056,-0.00000,-0.00000,
29.30000,11720.00000, 0.00000,5000.00000, 0.00000, 5.30466, 0.00000,400.00000, 5.30466, 0.00000, 0.00000, 0.00000, 0.00000, 0.09245, 0.00000, 0.99572, 0.36466,163.97693,1760.28927,2170.06435,-2.69056,-0.00000,-0.00000,
29.40000,11760.00000, 0.00000,5000.00000, 0.00000, 5.30466, 0.00000,400.00000, 5.30466, 0.00000, 0.00000, 0.00000, 0.00000, 0.09245, 0.00000, 0.99572, 0.36466,163.97693,1760.28927,2170.06435,-2.69056,-0.00000,-0.00000,
29.50000,11800.00000, 0.00000,5000.00000, 0.00000, 5.30466, 0.00000,400.00000, 5.30466, 0.00000, 0.00000, 0.00000, 0.00000, 0.09245, 0.00000, 0.99572, 0.36466,163.97693,1760.28927,2170.06435,-2.69056,-0.00000,-0.00000,
29.60000,11840.00000, 0.00000,5000.00000, 0.00000, 5.30466, 0.00000,400.00000, 5.30466, 0.00000, 0.00000, 0.00000, 0.00000, 0.09245, 0.00000, 0.99572, 0.36466,163.97693,1760.28927,2170.06435,-2.69056,-0.00000,-0.00000,
29.70000,11880.00000, 0.00000,5000.00000, 0.00000, 5.30466, 0.00000,400.00000, 5.30466, 0.00000, 0.00000, 0.00000, 0.00000, 0.09245, 0.00000, 0.99572, 0.36466,163.97693,1760.28927,2170.06435,-2.69056,-0.00000,-0.00000,
29.80000,11920.00000, 0.00000,5000.00000, 0.00000, 5.30466, 0.00000,400.00000, 5.30466, 0.00000, 0.00000, 0.00000, 0.00000, 0.09245, 0.00000, 0.99572, 0.36466,163.97693,1760.28927,2170.06435,-2.69056,-0.00000,-0.00000,
29.90000,11960.00000, 0.00000,5000.00000, 0.00000, 5.30466, 0.00000,400.00000, 5.30466, 0.00000, 0.00000, 0.00000, 0.00000, 0.09245, 0.00000, 0.99572, 0.36466,163.97693,1760.28927,2170.06435,-2.69056,-0.00000,-0.00000,
30.00000,12000.00000, 0.00000,5000.00000, 0.00000, 5.30466, 0.00000,400.00000, 5.30466, 0.00000, 0.00000, 0.00000, 0.00000, 0.09245, 0.00000, 0.99572, 0.36466,163.97693,1760.28927,2170.06435,-2.69056,-0.00000,-0.00000,
