A_hi = 
 0.00000, 0.00000, 0.00000, 0.00000,-0.00000, 0.00000, 1.00000,-0.00000, 0.00000, 0.00000, 0.00000, 0.00000, 0.00000, 0.00000, 0.00000, 0.00000, 0.00000, 0.00000,
 0.00000, 0.00000, 0.00000,-31.92715, 0.00000,500.00000, 0.00000, 0.00000,500.00000, 0.00000, 0.00000, 0.00000, 0.00000, 0.00000, 0.00000, 0.00000, 0.00000, 0.00000,
 0.00000, 0.00000, 0.00000, 0.00000,500.00000, 0.00000, 0.00000,-500.00000, 0.00000, 0.00000, 0.00000, 0.00000, 0.00000, 0.00000, 0.00000, 0.00000, 0.00000, 0.00000,
 0.00000, 0.00000, 0.00000, 0.00000, 0.00000, 0.00000, 0.00000, 0.00000, 0.00000, 1.00000, 0.00000, 0.06398, 0.00000, 0.00000, 0.00000, 0.00000, 0.00000, 0.00000,
 0.00000, 0.00000, 0.00000, 0.00000, 0.00000, 0.00000, 0.00000, 0.00000, 0.00000, 0.00000, 1.00000, 0.00000, 0.00000, 0.00000, 0.00000, 0.00000, 0.00000, 0.00000,
 0.00000, 0.00000, 0.00000, 0.00000, 0.00000, 0.00000, 0.00000, 0.00000, 0.00000, 0.00000, 0.00000, 1.00204, 0.00000, 0.00000, 0.00000, 0.00000, 0.00000, 0.00000,
 0.00000, 0.00000, 0.00010, 0.00000,-32.17000, 0.00000,-0.01323, 1.51601,-0.28757, 0.00000,-1.04242, 0.00000, 0.00157, 0.06110, 0.00000, 0.00000,-0.02462, 0.00000,
 0.00000, 0.00000, 0.00000, 0.00000,-0.00000, 0.00000,-0.00026,-0.79092, 0.00318, 0.00000, 0.92903, 0.00000,-0.00000,-0.00172, 0.00000, 0.00000, 0.00054, 0.00000,
 0.00000, 0.00000, 0.00000, 0.06421, 0.00000, 0.00000,-0.00000,-0.01004,-0.22016, 0.06413, 0.00000,-0.99210, 0.00000, 0.00000, 0.00023, 0.00062,-0.00002, 0.00000,
 0.00000, 0.00000,-0.00000, 0.00000, 0.00000, 0.00000, 0.00000,-0.20571,-24.92100,-2.62676, 0.00000, 0.57962, 0.00000,-0.00127,-0.50325, 0.09544,-0.00219, 0.00000,
 0.00000, 0.00000, 0.00000, 0.00000, 0.00000, 0.00000,-0.00000,-0.63182,-0.04654, 0.00000,-1.02334, 0.00000, 0.00000,-0.14010, 0.00000, 0.00000,-0.01750, 0.00000,
 0.00000, 0.00000, 0.00000, 0.00000, 0.00000, 0.00000,-0.00000, 0.03657, 5.76287,-0.03902, 0.00000,-0.36909, 0.00000, 0.00169,-0.02135,-0.04734, 0.00083, 0.00000,
 0.00000, 0.00000, 0.00000, 0.00000, 0.00000, 0.00000, 0.00000, 0.00000, 0.00000, 0.00000, 0.00000, 0.00000,-1.00000, 0.00000, 0.00000, 0.00000, 0.00000, 0.00000,
 0.00000, 0.00000, 0.00000, 0.00000, 0.00000, 0.00000, 0.00000, 0.00000, 0.00000, 0.00000, 0.00000, 0.00000, 0.00000,-20.20000, 0.00000, 0.00000, 0.00000, 0.00000,
 0.00000, 0.00000, 0.00000, 0.00000, 0.00000, 0.00000, 0.00000, 0.00000, 0.00000, 0.00000, 0.00000, 0.00000, 0.00000, 0.00000,-20.20000, 0.00000, 0.00000, 0.00000,
 0.00000, 0.00000, 0.00000, 0.00000, 0.00000, 0.00000, 0.00000, 0.00000, 0.00000, 0.00000, 0.00000, 0.00000, 0.00000, 0.00000, 0.00000,-20.20000, 0.00000, 0.00000,
 0.00000, 0.00000,-0.00008, 0.00000, 0.00000, 0.00000,-0.04021,1162.76729, 0.00000, 0.00000, 0.00000, 0.00000, 0.00000, 0.00000, 0.00000, 0.00000,-7.35294,10.14706,
 0.00000, 0.00000, 0.00000, 0.00000, 0.00000, 0.00000, 0.00000,-415.39440, 0.00000, 0.00000, 0.00000, 0.00000, 0.00000, 0.00000, 0.00000, 0.00000, 0.00000,-7.25000,


B_hi = 
 0.00000, 0.00000, 0.00000, 0.00000,
 0.00000, 0.00000, 0.00000, 0.00000,
 0.00000, 0.00000, 0.00000, 0.00000,
 0.00000, 0.00000, 0.00000, 0.00000,
 0.00000, 0.00000, 0.00000, 0.00000,
 0.00000, 0.00000, 0.00000, 0.00000,
 0.00000, 0.00000, 0.00000, 0.00000,
 0.00000, 0.00000, 0.00000, 0.00000,
 0.00000, 0.00000, 0.00000, 0.00000,
 0.00000, 0.00000, 0.00000, 0.00000,
 0.00000, 0.00000, 0.00000, 0.00000,
 0.00000, 0.00000, 0.00000, 0.00000,
 1.00000, 0.00000, 0.00000, 0.00000,
 0.00000,20.20000, 0.00000, 0.00000,
 0.00000, 0.00000,20.20000, 0.00000,
 0.00000, 0.00000, 0.00000,20.20000,
 0.00000, 0.00000, 0.00000, 0.00000,
 0.00000, 0.00000, 0.00000, 0.00000,


C_hi = 
 1.00000, 0.00000, 0.00000, 0.00000, 0.00000, 0.00000, 0.00000, 0.00000, 0.00000, 0.00000, 0.00000, 0.00000, 0.00000, 0.00000, 0.00000, 0.00000, 0.00000, 0.00000,
 0.00000, 1.00000, 0.00000, 0.00000, 0.00000, 0.00000, 0.00000, 0.00000, 0.00000, 0.00000, 0.00000, 0.00000, 0.00000, 0.00000, 0.00000, 0.00000, 0.00000, 0.00000,
 0.00000, 0.00000, 1.00000, 0.00000, 0.00000, 0.00000, 0.00000, 0.00000, 0.00000, 0.00000, 0.00000, 0.00000, 0.00000, 0.00000, 0.00000, 0.00000, 0.00000, 0.00000,
 0.00000, 0.00000, 0.00000,57.29578, 0.00000, 0.00000, 0.00000, 0.00000, 0.00000, 0.00000, 0.00000, 0.00000, 0.00000, 0.00000, 0.00000, 0.00000, 0.00000, 0.00000,
 0.00000, 0.00000, 0.00000, 0.00000,57.29578, 0.00000, 0.00000, 0.00000, 0.00000, 0.00000, 0.00000, 0.00000, 0.00000, 0.00000, 0.00000, 0.00000, 0.00000, 0.00000,
 0.00000, 0.00000, 0.00000, 0.00000, 0.00000,57.29578, 0.00000, 0.00000, 0.00000, 0.00000, 0.00000, 0.00000, 0.00000, 0.00000, 0.00000, 0.00000, 0.00000, 0.00000,
 0.00000, 0.00000, 0.00000, 0.00000, 0.00000, 0.00000, 1.00000, 0.00000, 0.00000, 0.00000, 0.00000, 0.00000, 0.00000, 0.00000, 0.00000, 0.00000, 0.00000, 0.00000,
 0.00000, 0.00000, 0.00000, 0.00000, 0.00000, 0.00000, 0.00000,57.29578, 0.00000, 0.00000, 0.00000, 0.00000, 0.00000, 0.00000, 0.00000, 0.00000, 0.00000, 0.00000,
 0.00000, 0.00000, 0.00000, 0.00000, 0.00000, 0.00000, 0.00000, 0.00000,57.29578, 0.00000, 0.00000, 0.00000, 0.00000, 0.00000, 0.00000, 0.00000, 0.00000, 0.00000,
 0.00000, 0.00000, 0.00000, 0.00000, 0.00000, 0.00000, 0.00000, 0.00000, 0.00000,57.29578, 0.00000, 0.00000, 0.00000, 0.00000, 0.00000, 0.00000, 0.00000, 0.00000,
 0.00000, 0.00000, 0.00000, 0.00000, 0.00000, 0.00000, 0.00000, 0.00000, 0.00000, 0.00000,57.29578, 0.00000, 0.00000, 0.00000, 0.00000, 0.00000, 0.00000, 0.00000,
 0.00000, 0.00000, 0.00000, 0.00000, 0.00000, 0.00000, 0.00000, 0.00000, 0.00000, 0.00000, 0.00000,57.29578, 0.00000, 0.00000, 0.00000, 0.00000, 0.00000, 0.00000,
 0.00000, 0.00000, 0.00000, 0.00000, 0.00012, 0.00000,-0.00016, 0.83168, 0.00079, 0.00000, 0.03809, 0.00000, 0.00005, 0.00360, 0.00000, 0.00000,-0.00130, 0.00000,
 0.00000, 0.00000, 0.00000,-0.00012, 0.00000, 0.00000,-0.00005,-0.15604,-3.42137, 0.00427, 0.00000, 0.09102, 0.00000, 0.00000, 0.00358, 0.00971,-0.00038, 0.00000,
 0.00000, 0.00000,-0.00003, 0.00000,-0.00001, 0.00000, 0.00399,12.26317,-0.04960, 0.00000, 1.10268, 0.00000, 0.00000, 0.02651, 0.00000, 0.00000,-0.00833, 0.00000,
 0.00000, 0.00000, 0.00000, 0.00000, 0.00000, 0.00000, 0.00093, 0.00000, 0.00000, 0.00000, 0.00000, 0.00000, 0.00000, 0.00000, 0.00000, 0.00000, 0.00000, 0.00000,
 0.00000, 0.00000,-0.00688, 0.00000, 0.00000, 0.00000, 0.87890, 0.00000, 0.00000, 0.00000, 0.00000, 0.00000, 0.00000, 0.00000, 0.00000, 0.00000, 0.00000, 0.00000,
 0.00000, 0.00000,-0.05654, 0.00000, 0.00000, 0.00000, 0.00000, 0.00000, 0.00000, 0.00000, 0.00000, 0.00000, 0.00000, 0.00000, 0.00000, 0.00000, 0.00000, 0.00000,


D_hi = 
 0.00000, 0.00000, 0.00000, 0.00000,
 0.00000, 0.00000, 0.00000, 0.00000,
 0.00000, 0.00000, 0.00000, 0.00000,
 0.00000, 0.00000, 0.00000, 0.00000,
 0.00000, 0.00000, 0.00000, 0.00000,
 0.00000, 0.00000, 0.00000, 0.00000,
 0.00000, 0.00000, 0.00000, 0.00000,
 0.00000, 0.00000, 0.00000, 0.00000,
 0.00000, 0.00000, 0.00000, 0.00000,
 0.00000, 0.00000, 0.00000, 0.00000,
 0.00000, 0.00000, 0.00000, 0.00000,
 0.00000, 0.00000, 0.00000, 0.00000,
 0.00000, 0.00000, 0.00000, 0.00000,
 0.00000, 0.00000, 0.00000, 0.00000,
 0.00000, 0.00000, 0.00000, 0.00000,
 0.00000, 0.00000, 0.00000, 0.00000,
 0.00000, 0.00000, 0.00000, 0.00000,
 0.00000, 0.00000, 0.00000, 0.00000,


A_lo = 
 0.00000, 0.00000, 0.00000, 0.00000, 0.00000, 0.00000, 1.00000, 0.00000, 0.00000, 0.00000, 0.00000, 0.00000, 0.00000, 0.00000, 0.00000, 0.00000, 0.00000, 0.00000,
 0.00000, 0.00000, 0.00000,-31.37207, 0.00000,500.00000, 0.00000, 0.00000,500.00000, 0.00000, 0.00000, 0.00000, 0.00000, 0.00000, 0.00000, 0.00000, 0.00000, 0.00000,
 0.00000, 0.00000, 0.00000, 0.00000,500.00000, 0.00000,-0.00000,-500.00000, 0.00000, 0.00000, 0.00000, 0.00000, 0.00000, 0.00000, 0.00000, 0.00000, 0.00000, 0.00000,
 0.00000, 0.00000, 0.00000, 0.00000, 0.00000, 0.00000, 0.00000, 0.00000, 0.00000, 1.00000, 0.00000, 0.06287, 0.00000, 0.00000, 0.00000, 0.00000, 0.00000, 0.00000,
 0.00000, 0.00000, 0.00000, 0.00000, 0.00000, 0.00000, 0.00000, 0.00000, 0.00000, 0.00000, 1.00000, 0.00000, 0.00000, 0.00000, 0.00000, 0.00000, 0.00000, 0.00000,
 0.00000, 0.00000, 0.00000, 0.00000, 0.00000, 0.00000, 0.00000, 0.00000, 0.00000, 0.00000, 0.00000, 1.00197, 0.00000, 0.00000, 0.00000, 0.00000, 0.00000, 0.00000,
 0.00000, 0.00000, 0.00010, 0.00000,-32.17000, 0.00000,-0.01304,-2.94825,-0.00000, 0.00000,-1.02829, 0.00000, 0.00157, 0.10180, 0.00000, 0.00000, 0.00000, 0.00000,
 0.00000, 0.00000, 0.00000, 0.00000, 0.00000, 0.00000,-0.00026,-0.75061, 0.00000, 0.00000, 0.92806, 0.00000,-0.00000,-0.00159, 0.00000, 0.00000, 0.00000, 0.00000,
 0.00000, 0.00000, 0.00000, 0.06421, 0.00000, 0.00000,-0.00000, 0.00000,-0.23718, 0.06291, 0.00000,-0.99222, 0.00000, 0.00000, 0.00020, 0.00059, 0.00000, 0.00000,
 0.00000, 0.00000,-0.00000, 0.00000, 0.00000, 0.00000, 0.00000, 0.00000,-25.23368,-2.66799, 0.00000, 0.58024, 0.00000, 0.00000,-0.53731, 0.07153, 0.00000, 0.00000,
 0.00000, 0.00000,-0.00000, 0.00000, 0.00000, 0.00000, 0.00000,-1.83650, 0.00000, 0.00000,-1.02706, 0.00000, 0.00000,-0.13351, 0.00000, 0.00000, 0.00000, 0.00000,
 0.00000, 0.00000,-0.00000, 0.00000, 0.00000, 0.00000, 0.00000,-0.00000, 7.00745,-0.03639, 0.00000,-0.36836, 0.00000, 0.00000,-0.02952,-0.05490, 0.00000, 0.00000,
 0.00000, 0.00000, 0.00000, 0.00000, 0.00000, 0.00000, 0.00000, 0.00000, 0.00000, 0.00000, 0.00000, 0.00000,-1.00000, 0.00000, 0.00000, 0.00000, 0.00000, 0.00000,
 0.00000, 0.00000, 0.00000, 0.00000, 0.00000, 0.00000, 0.00000, 0.00000, 0.00000, 0.00000, 0.00000, 0.00000, 0.00000,-20.20000, 0.00000, 0.00000, 0.00000, 0.00000,
 0.00000, 0.00000, 0.00000, 0.00000, 0.00000, 0.00000, 0.00000, 0.00000, 0.00000, 0.00000, 0.00000, 0.00000, 0.00000, 0.00000,-20.20000, 0.00000, 0.00000, 0.00000,
 0.00000, 0.00000, 0.00000, 0.00000, 0.00000, 0.00000, 0.00000, 0.00000, 0.00000, 0.00000, 0.00000, 0.00000, 0.00000, 0.00000, 0.00000,-20.20000, 0.00000, 0.00000,
 0.00000, 0.00000,-0.00008, 0.00000, 0.00000, 0.00000,-0.04021,1162.76729, 0.00000, 0.00000, 0.00000, 0.00000, 0.00000, 0.00000, 0.00000, 0.00000,-7.35294,10.14706,
 0.00000, 0.00000, 0.00000, 0.00000, 0.00000, 0.00000, 0.00000,-415.39440, 0.00000, 0.00000, 0.00000, 0.00000, 0.00000, 0.00000, 0.00000, 0.00000, 0.00000,-7.25000,


B_lo = 
 0.00000, 0.00000, 0.00000, 0.00000,
 0.00000, 0.00000, 0.00000, 0.00000,
 0.00000, 0.00000, 0.00000, 0.00000,
 0.00000, 0.00000, 0.00000, 0.00000,
 0.00000, 0.00000, 0.00000, 0.00000,
 0.00000, 0.00000, 0.00000, 0.00000,
 0.00000, 0.00000, 0.00000, 0.00000,
 0.00000, 0.00000, 0.00000, 0.00000,
 0.00000, 0.00000, 0.00000, 0.00000,
 0.00000, 0.00000, 0.00000, 0.00000,
 0.00000, 0.00000, 0.00000, 0.00000,
 0.00000, 0.00000, 0.00000, 0.00000,
 1.00000, 0.00000, 0.00000, 0.00000,
 0.00000,20.20000, 0.00000, 0.00000,
 0.00000, 0.00000,20.20000, 0.00000,
 0.00000, 0.00000, 0.00000,20.20000,
 0.00000, 0.00000, 0.00000, 0.00000,
 0.00000, 0.00000, 0.00000, 0.00000,


C_lo = 
 1.00000, 0.00000, 0.00000, 0.00000, 0.00000, 0.00000, 0.00000, 0.00000, 0.00000, 0.00000, 0.00000, 0.00000, 0.00000, 0.00000, 0.00000, 0.00000, 0.00000, 0.00000,
 0.00000, 1.00000, 0.00000, 0.00000, 0.00000, 0.00000, 0.00000, 0.00000, 0.00000, 0.00000, 0.00000, 0.00000, 0.00000, 0.00000, 0.00000, 0.00000, 0.00000, 0.00000,
 0.00000, 0.00000, 1.00000, 0.00000, 0.00000, 0.00000, 0.00000, 0.00000, 0.00000, 0.00000, 0.00000, 0.00000, 0.00000, 0.00000, 0.00000, 0.00000, 0.00000, 0.00000,
 0.00000, 0.00000, 0.00000,57.29578, 0.00000, 0.00000, 0.00000, 0.00000, 0.00000, 0.00000, 0.00000, 0.00000, 0.00000, 0.00000, 0.00000, 0.00000, 0.00000, 0.00000,
 0.00000, 0.00000, 0.00000, 0.00000,57.29578, 0.00000, 0.00000, 0.00000, 0.00000, 0.00000, 0.00000, 0.00000, 0.00000, 0.00000, 0.00000, 0.00000, 0.00000, 0.00000,
 0.00000, 0.00000, 0.00000, 0.00000, 0.00000,57.29578, 0.00000, 0.00000, 0.00000, 0.00000, 0.00000, 0.00000, 0.00000, 0.00000, 0.00000, 0.00000, 0.00000, 0.00000,
 0.00000, 0.00000, 0.00000, 0.00000, 0.00000, 0.00000, 1.00000, 0.00000, 0.00000, 0.00000, 0.00000, 0.00000, 0.00000, 0.00000, 0.00000, 0.00000, 0.00000, 0.00000,
 0.00000, 0.00000, 0.00000, 0.00000, 0.00000, 0.00000, 0.00000,57.29578, 0.00000, 0.00000, 0.00000, 0.00000, 0.00000, 0.00000, 0.00000, 0.00000, 0.00000, 0.00000,
 0.00000, 0.00000, 0.00000, 0.00000, 0.00000, 0.00000, 0.00000, 0.00000,57.29578, 0.00000, 0.00000, 0.00000, 0.00000, 0.00000, 0.00000, 0.00000, 0.00000, 0.00000,
 0.00000, 0.00000, 0.00000, 0.00000, 0.00000, 0.00000, 0.00000, 0.00000, 0.00000,57.29578, 0.00000, 0.00000, 0.00000, 0.00000, 0.00000, 0.00000, 0.00000, 0.00000,
 0.00000, 0.00000, 0.00000, 0.00000, 0.00000, 0.00000, 0.00000, 0.00000, 0.00000, 0.00000,57.29578, 0.00000, 0.00000, 0.00000, 0.00000, 0.00000, 0.00000, 0.00000,
 0.00000, 0.00000, 0.00000, 0.00000, 0.00000, 0.00000, 0.00000, 0.00000, 0.00000, 0.00000, 0.00000,57.29578, 0.00000, 0.00000, 0.00000, 0.00000, 0.00000, 0.00000,
 0.00000, 0.00000, 0.00000, 0.00000, 0.00012, 0.00000,-0.00016, 0.64044, 0.00000, 0.00000, 0.03825, 0.00000, 0.00005, 0.00471, 0.00000, 0.00000, 0.00000, 0.00000,
 0.00000, 0.00000, 0.00000,-0.00012, 0.00000, 0.00000,-0.00000, 0.00000,-3.68594, 0.00255, 0.00000, 0.09023, 0.00000, 0.00000, 0.00314, 0.00922, 0.00000, 0.00000,
 0.00000, 0.00000,-0.00003, 0.00000,-0.00001, 0.00000, 0.00399,11.64759, 0.00000, 0.00000, 1.11779, 0.00000, 0.00000, 0.02445, 0.00000, 0.00000, 0.00000, 0.00000,
 0.00000, 0.00000, 0.00000, 0.00000, 0.00000, 0.00000, 0.00093, 0.00000, 0.00000, 0.00000, 0.00000, 0.00000, 0.00000, 0.00000, 0.00000, 0.00000, 0.00000, 0.00000,
 0.00000, 0.00000,-0.00688, 0.00000, 0.00000, 0.00000, 0.87890, 0.00000, 0.00000, 0.00000, 0.00000, 0.00000, 0.00000, 0.00000, 0.00000, 0.00000, 0.00000, 0.00000,
 0.00000, 0.00000,-0.05654, 0.00000, 0.00000, 0.00000, 0.00000, 0.00000, 0.00000, 0.00000, 0.00000, 0.00000, 0.00000, 0.00000, 0.00000, 0.00000, 0.00000, 0.00000,


D_lo = 
 0.00000, 0.00000, 0.00000, 0.00000,
 0.00000, 0.00000, 0.00000, 0.00000,
 0.00000, 0.00000, 0.00000, 0.00000,
 0.00000, 0.00000, 0.00000, 0.00000,
 0.00000, 0.00000, 0.00000, 0.00000,
 0.00000, 0.00000, 0.00000, 0.00000,
 0.00000, 0.00000, 0.00000, 0.00000,
 0.00000, 0.00000, 0.00000, 0.00000,
 0.00000, 0.00000, 0.00000, 0.00000,
 0.00000, 0.00000, 0.00000, 0.00000,
 0.00000, 0.00000, 0.00000, 0.00000,
 0.00000, 0.00000, 0.00000, 0.00000,
 0.00000, 0.00000, 0.00000, 0.00000,
 0.00000, 0.00000, 0.00000, 0.00000,
 0.00000, 0.00000, 0.00000, 0.00000,
 0.00000, 0.00000, 0.00000, 0.00000,
 0.00000, 0.00000, 0.00000, 0.00000,
 0.00000, 0.00000, 0.00000, 0.00000,


