A_hi = 
 0.00000, 0.00000, 0.00000, 0.00000, 0.00000, 0.00000, 1.00000, 0.00000, 0.00000, 0.00000, 0.00000, 0.00000, 0.00000, 0.00000, 0.00000, 0.00000, 0.00000, 0.00000,
 0.00000, 0.00000, 0.00000,-53.43404, 0.00000,400.00000, 0.00000, 0.00000,400.00000, 0.00000, 0.00000, 0.00000, 0.00000, 0.00000, 0.00000, 0.00000, 0.00000, 0.00000,
 0.00000, 0.00000, 0.00000, 0.00000,400.00000, 0.00000, 0.00000,-400.00000, 0.00000, 0.00000, 0.00000, 0.00000, 0.00000, 0.00000, 0.00000, 0.00000, 0.00000, 0.00000,
 0.00000, 0.00000, 0.00000, 0.00000, 0.00000, 0.00000, 0.00000, 0.00000, 0.00000, 1.00000, 0.00000, 0.13479, 0.00000, 0.00000, 0.00000, 0.00000, 0.00000, 0.00000,
 0.00000, 0.00000, 0.00000, 0.00000, 0.00000, 0.00000, 0.00000, 0.00000, 0.00000, 0.00000, 1.00000, 0.00000, 0.00000, 0.00000, 0.00000, 0.00000, 0.00000, 0.00000,
 0.00000, 0.00000, 0.00000, 0.00000, 0.00000, 0.00000, 0.00000, 0.00000, 0.00000, 0.00000, 0.00000, 1.00904, 0.00000, 0.00000, 0.00000, 0.00000, 0.00000, 0.00000,
 0.00000, 0.00000, 0.00012, 0.00000,-32.17000, 0.00000,-0.01874,-9.85788,-0.60558, 0.00000,-1.94382, 0.00000, 0.00156,-0.01360, 0.00000, 0.00000, 0.05585, 0.00000,
 0.00000, 0.00000, 0.00000, 0.00000, 0.00000, 0.00000,-0.00040,-0.57744, 0.00152, 0.00000, 0.93827, 0.00000,-0.00000,-0.00129, 0.00000, 0.00000, 0.00022, 0.00000,
 0.00000, 0.00000, 0.00000, 0.07970, 0.00000, 0.00000,-0.00000,-0.00089,-0.14877, 0.13452, 0.00000,-0.98599, 0.00000, 0.00000, 0.00017, 0.00042,-0.00000, 0.00000,
 0.00000, 0.00000,-0.00000, 0.00000, 0.00000, 0.00000, 0.00000, 1.22635,-16.04761,-1.69973, 0.00000, 0.66504, 0.00000,-0.00033,-0.26105, 0.05048,-0.00427, 0.00000,
 0.00000, 0.00000, 0.00000, 0.00000, 0.00000, 0.00000,-0.00000,-0.68224, 0.05277, 0.00000,-0.75300, 0.00000, 0.00000,-0.07583, 0.00000, 0.00000,-0.01099, 0.00000,
 0.00000, 0.00000, 0.00000, 0.00000, 0.00000, 0.00000,-0.00000,-0.01947, 3.10409,-0.05002, 0.00000,-0.24353, 0.00000, 0.00087,-0.01079,-0.02554, 0.00012, 0.00000,
 0.00000, 0.00000, 0.00000, 0.00000, 0.00000, 0.00000, 0.00000, 0.00000, 0.00000, 0.00000, 0.00000, 0.00000,-1.00000, 0.00000, 0.00000, 0.00000, 0.00000, 0.00000,
 0.00000, 0.00000, 0.00000, 0.00000, 0.00000, 0.00000, 0.00000, 0.00000, 0.00000, 0.00000, 0.00000, 0.00000, 0.00000,-20.20000, 0.00000, 0.00000, 0.00000, 0.00000,
 0.00000, 0.00000, 0.00000, 0.00000, 0.00000, 0.00000, 0.00000, 0.00000, 0.00000, 0.00000, 0.00000, 0.00000, 0.00000, 0.00000,-20.20000, 0.00000, 0.00000, 0.00000,
 0.00000, 0.00000, 0.00000, 0.00000, 0.00000, 0.00000, 0.00000, 0.00000, 0.00000, 0.00000, 0.00000, 0.00000, 0.00000, 0.00000, 0.00000,-20.20000, 0.00000, 0.00000,
 0.00000, 0.00000,-0.00005, 0.00000, 0.00000, 0.00000,-0.03343,1162.76729, 0.00000, 0.00000, 0.00000, 0.00000, 0.00000, 0.00000, 0.00000, 0.00000,-7.35294,10.14706,
 0.00000, 0.00000, 0.00000, 0.00000, 0.00000, 0.00000, 0.00000,-415.39440, 0.00000, 0.00000, 0.00000, 0.00000, 0.00000, 0.00000, 0.00000, 0.00000, 0.00000,-7.25000,


B_hi = 
 0.00000, 0.00000, 0.00000, 0.00000,
 0.00000, 0.00000, 0.00000, 0.00000,
 0.00000, 0.00000, 0.00000, 0.00000,
 0.00000, 0.00000, 0.00000, 0.00000,
 0.00000, 0.00000, 0.00000, 0.00000,
 0.00000, 0.00000, 0.00000, 0.00000,
 0.00000, 0.00000, 0.00000, 0.00000,
 0.00000, 0.00000, 0.00000, 0.00000,
 0.00000, 0.00000, 0.00000, 0.00000,
 0.00000, 0.00000, 0.00000, 0.00000,
 0.00000, 0.00000, 0.00000, 0.00000,
 0.00000, 0.00000, 0.00000, 0.00000,
 1.00000, 0.00000, 0.00000, 0.00000,
 0.00000,20.20000, 0.00000, 0.00000,
 0.00000, 0.00000,20.20000, 0.00000,
 0.00000, 0.00000, 0.00000,20.20000,
 0.00000, 0.00000, 0.00000, 0.00000,
 0.00000, 0.00000, 0.00000, 0.00000,


C_hi = 
 1.00000, 0.00000, 0.00000, 0.00000, 0.00000, 0.00000, 0.00000, 0.00000, 0.00000, 0.00000, 0.00000, 0.00000, 0.00000, 0.00000, 0.00000, 0.00000, 0.00000, 0.00000,
 0.00000, 1.00000, 0.00000, 0.00000, 0.00000, 0.00000, 0.00000, 0.00000, 0.00000, 0.00000, 0.00000, 0.00000, 0.00000, 0.00000, 0.00000, 0.00000, 0.00000, 0.00000,
 0.00000, 0.00000, 1.00000, 0.00000, 0.00000, 0.00000, 0.00000, 0.00000, 0.00000, 0.00000, 0.00000, 0.00000, 0.00000, 0.00000, 0.00000, 0.00000, 0.00000, 0.00000,
 0.00000, 0.00000, 0.00000,57.29578, 0.00000, 0.00000, 0.00000, 0.00000, 0.00000, 0.00000, 0.00000, 0.00000, 0.00000, 0.00000, 0.00000, 0.00000, 0.00000, 0.00000,
 0.00000, 0.00000, 0.00000, 0.00000,57.29578, 0.00000, 0.00000, 0.00000, 0.00000, 0.00000, 0.00000, 0.00000, 0.00000, 0.00000, 0.00000, 0.00000, 0.00000, 0.00000,
 0.00000, 0.00000, 0.00000, 0.00000, 0.00000,57.29578, 0.00000, 0.00000, 0.00000, 0.00000, 0.00000, 0.00000, 0.00000, 0.00000, 0.00000, 0.00000, 0.00000, 0.00000,
 0.00000, 0.00000, 0.00000, 0.00000, 0.00000, 0.00000, 1.00000, 0.00000, 0.00000, 0.00000, 0.00000, 0.00000, 0.00000, 0.00000, 0.00000, 0.00000, 0.00000, 0.00000,
 0.00000, 0.00000, 0.00000, 0.00000, 0.00000, 0.00000, 0.00000,57.29578, 0.00000, 0.00000, 0.00000, 0.00000, 0.00000, 0.00000, 0.00000, 0.00000, 0.00000, 0.00000,
 0.00000, 0.00000, 0.00000, 0.00000, 0.00000, 0.00000, 0.00000, 0.00000,57.29578, 0.00000, 0.00000, 0.00000, 0.00000, 0.00000, 0.00000, 0.00000, 0.00000, 0.00000,
 0.00000, 0.00000, 0.00000, 0.00000, 0.00000, 0.00000, 0.00000, 0.00000, 0.00000,57.29578, 0.00000, 0.00000, 0.00000, 0.00000, 0.00000, 0.00000, 0.00000, 0.00000,
 0.00000, 0.00000, 0.00000, 0.00000, 0.00000, 0.00000, 0.00000, 0.00000, 0.00000, 0.00000,57.29578, 0.00000, 0.00000, 0.00000, 0.00000, 0.00000, 0.00000, 0.00000,
 0.00000, 0.00000, 0.00000, 0.00000, 0.00000, 0.00000, 0.00000, 0.00000, 0.00000, 0.00000, 0.00000,57.29578, 0.00000, 0.00000, 0.00000, 0.00000, 0.00000, 0.00000,
 0.00000, 0.00000,-0.00000, 0.00000, 0.00012, 0.00000, 0.00008, 0.65532,-0.01069, 0.00000, 0.04264, 0.00000, 0.00005, 0.00172, 0.00000, 0.00000, 0.00136, 0.00000,
 0.00000, 0.00000, 0.00000,-0.00012, 0.00000, 0.00000,-0.00005,-0.01102,-1.84955, 0.01165, 0.00000, 0.06271, 0.00000, 0.00000, 0.00211, 0.00517,-0.00002, 0.00000,
 0.00000, 0.00000,-0.00003, 0.00000,-0.00002, 0.00000, 0.00495, 7.15551,-0.01757, 0.00000, 0.76862, 0.00000, 0.00000, 0.01592, 0.00000, 0.00000,-0.00289, 0.00000,
 0.00000, 0.00000, 0.00000, 0.00000, 0.00000, 0.00000, 0.00095, 0.00000, 0.00000, 0.00000, 0.00000, 0.00000, 0.00000, 0.00000, 0.00000, 0.00000, 0.00000, 0.00000,
 0.00000, 0.00000,-0.00390, 0.00000, 0.00000, 0.00000, 0.59942, 0.00000, 0.00000, 0.00000, 0.00000, 0.00000, 0.00000, 0.00000, 0.00000, 0.00000, 0.00000, 0.00000,
 0.00000, 0.00000,-0.04820, 0.00000, 0.00000, 0.00000, 0.00000, 0.00000, 0.00000, 0.00000, 0.00000, 0.00000, 0.00000, 0.00000, 0.00000, 0.00000, 0.00000, 0.00000,


D_hi = 
 0.00000, 0.00000, 0.00000, 0.00000,
 0.00000, 0.00000, 0.00000, 0.00000,
 0.00000, 0.00000, 0.00000, 0.00000,
 0.00000, 0.00000, 0.00000, 0.00000,
 0.00000, 0.00000, 0.00000, 0.00000,
 0.00000, 0.00000, 0.00000, 0.00000,
 0.00000, 0.00000, 0.00000, 0.00000,
 0.00000, 0.00000, 0.00000, 0.00000,
 0.00000, 0.00000, 0.00000, 0.00000,
 0.00000, 0.00000, 0.00000, 0.00000,
 0.00000, 0.00000, 0.00000, 0.00000,
 0.00000, 0.00000, 0.00000, 0.00000,
 0.00000, 0.00000, 0.00000, 0.00000,
 0.00000, 0.00000, 0.00000, 0.00000,
 0.00000, 0.00000, 0.00000, 0.00000,
 0.00000, 0.00000, 0.00000, 0.00000,
 0.00000, 0.00000, 0.00000, 0.00000,
 0.00000, 0.00000, 0.00000, 0.00000,


A_lo = 
 0.00000, 0.00000, 0.00000, 0.00000,-0.00000, 0.00000, 1.00000, 0.00000, 0.00000, 0.00000, 0.00000, 0.00000, 0.00000, 0.00000, 0.00000, 0.00000, 0.00000, 0.00000,
 0.00000, 0.00000, 0.00000,-54.14810, 0.00000,400.00000, 0.00000, 0.00000,400.00000, 0.00000, 0.00000, 0.00000, 0.00000, 0.00000, 0.00000, 0.00000, 0.00000, 0.00000,
 0.00000, 0.00000, 0.00000, 0.00000,400.00000, 0.00000,-0.00000,-400.00000, 0.00000, 0.00000, 0.00000, 0.00000, 0.00000, 0.00000, 0.00000, 0.00000, 0.00000, 0.00000,
 0.00000, 0.00000, 0.00000, 0.00000, 0.00000, 0.00000, 0.00000, 0.00000, 0.00000, 1.00000, 0.00000, 0.13663, 0.00000, 0.00000, 0.00000, 0.00000, 0.00000, 0.00000,
 0.00000, 0.00000, 0.00000, 0.00000, 0.00000, 0.00000, 0.00000, 0.00000, 0.00000, 0.00000, 1.00000, 0.00000, 0.00000, 0.00000, 0.00000, 0.00000, 0.00000, 0.00000,
 0.00000, 0.00000, 0.00000, 0.00000, 0.00000, 0.00000, 0.00000, 0.00000, 0.00000, 0.00000, 0.00000, 1.00929, 0.00000, 0.00000, 0.00000, 0.00000, 0.00000, 0.00000,
 0.00000, 0.00000, 0.00012, 0.00000,-32.17000, 0.00000,-0.01844,-4.32447,-0.00000, 0.00000,-1.99768, 0.00000, 0.00156, 0.01857, 0.00000, 0.00000, 0.00000, 0.00000,
 0.00000, 0.00000, 0.00000, 0.00000, 0.00000, 0.00000,-0.00040,-0.51281, 0.00000, 0.00000, 0.93760, 0.00000,-0.00000,-0.00109, 0.00000, 0.00000, 0.00000, 0.00000,
 0.00000, 0.00000, 0.00000, 0.07968, 0.00000, 0.00000,-0.00000, 0.00000,-0.16176, 0.13639, 0.00000,-0.98571, 0.00000, 0.00000, 0.00014, 0.00040, 0.00000, 0.00000,
 0.00000, 0.00000,-0.00000, 0.00000, 0.00000, 0.00000, 0.00000, 0.00000,-18.12587,-1.70572, 0.00000, 0.68142, 0.00000, 0.00000,-0.27982, 0.00307, 0.00000, 0.00000,
 0.00000, 0.00000, 0.00000, 0.00000, 0.00000, 0.00000,-0.00000,-1.37565, 0.00000, 0.00000,-0.75317, 0.00000, 0.00000,-0.07301, 0.00000, 0.00000, 0.00000, 0.00000,
 0.00000, 0.00000,-0.00000, 0.00000, 0.00000, 0.00000, 0.00000, 0.00000, 3.81049,-0.03692, 0.00000,-0.24282, 0.00000, 0.00000,-0.01457,-0.03115, 0.00000, 0.00000,
 0.00000, 0.00000, 0.00000, 0.00000, 0.00000, 0.00000, 0.00000, 0.00000, 0.00000, 0.00000, 0.00000, 0.00000,-1.00000, 0.00000, 0.00000, 0.00000, 0.00000, 0.00000,
 0.00000, 0.00000, 0.00000, 0.00000, 0.00000, 0.00000, 0.00000, 0.00000, 0.00000, 0.00000, 0.00000, 0.00000, 0.00000,-20.20000, 0.00000, 0.00000, 0.00000, 0.00000,
 0.00000, 0.00000, 0.00000, 0.00000, 0.00000, 0.00000, 0.00000, 0.00000, 0.00000, 0.00000, 0.00000, 0.00000, 0.00000, 0.00000,-20.20000, 0.00000, 0.00000, 0.00000,
 0.00000, 0.00000, 0.00000, 0.00000, 0.00000, 0.00000, 0.00000, 0.00000, 0.00000, 0.00000, 0.00000, 0.00000, 0.00000, 0.00000, 0.00000,-20.20000, 0.00000, 0.00000,
 0.00000, 0.00000,-0.00005, 0.00000, 0.00000, 0.00000,-0.03343,1162.76729, 0.00000, 0.00000, 0.00000, 0.00000, 0.00000, 0.00000, 0.00000, 0.00000,-7.35294,10.14706,
 0.00000, 0.00000, 0.00000, 0.00000, 0.00000, 0.00000, 0.00000,-415.39440, 0.00000, 0.00000, 0.00000, 0.00000, 0.00000, 0.00000, 0.00000, 0.00000, 0.00000,-7.25000,


B_lo = 
 0.00000, 0.00000, 0.00000, 0.00000,
 0.00000, 0.00000, 0.00000, 0.00000,
 0.00000, 0.00000, 0.00000, 0.00000,
 0.00000, 0.00000, 0.00000, 0.00000,
 0.00000, 0.00000, 0.00000, 0.00000,
 0.00000, 0.00000, 0.00000, 0.00000,
 0.00000, 0.00000, 0.00000, 0.00000,
 0.00000, 0.00000, 0.00000, 0.00000,
 0.00000, 0.00000, 0.00000, 0.00000,
 0.00000, 0.00000, 0.00000, 0.00000,
 0.00000, 0.00000, 0.00000, 0.00000,
 0.00000, 0.00000, 0.00000, 0.00000,
 1.00000, 0.00000, 0.00000, 0.00000,
 0.00000,20.20000, 0.00000, 0.00000,
 0.00000, 0.00000,20.20000, 0.00000,
 0.00000, 0.00000, 0.00000,20.20000,
 0.00000, 0.00000, 0.00000, 0.00000,
 0.00000, 0.00000, 0.00000, 0.00000,


C_lo = 
 1.00000, 0.00000, 0.00000, 0.00000, 0.00000, 0.00000, 0.00000, 0.00000, 0.00000, 0.00000, 0.00000, 0.00000, 0.00000, 0.00000, 0.00000, 0.00000, 0.00000, 0.00000,
 0.00000, 1.00000, 0.00000, 0.00000, 0.00000, 0.00000, 0.00000, 0.00000, 0.00000, 0.00000, 0.00000, 0.00000, 0.00000, 0.00000, 0.00000, 0.00000, 0.00000, 0.00000,
 0.00000, 0.00000, 1.00000, 0.00000, 0.00000, 0.00000, 0.00000, 0.00000, 0.00000, 0.00000, 0.00000, 0.00000, 0.00000, 0.00000, 0.00000, 0.00000, 0.00000, 0.00000,
 0.00000, 0.00000, 0.00000,57.29578, 0.00000, 0.00000, 0.00000, 0.00000, 0.00000, 0.00000, 0.00000, 0.00000, 0.00000, 0.00000, 0.00000, 0.00000, 0.00000, 0.00000,
 0.00000, 0.00000, 0.00000, 0.00000,57.29578, 0.00000, 0.00000, 0.00000, 0.00000, 0.00000, 0.00000, 0.00000, 0.00000, 0.00000, 0.00000, 0.00000, 0.00000, 0.00000,
 0.00000, 0.00000, 0.00000, 0.00000, 0.00000,57.29578, 0.00000, 0.00000, 0.00000, 0.00000, 0.00000, 0.00000, 0.00000, 0.00000, 0.00000, 0.00000, 0.00000, 0.00000,
 0.00000, 0.00000, 0.00000, 0.00000, 0.00000, 0.00000, 1.00000, 0.00000, 0.00000, 0.00000, 0.00000, 0.00000, 0.00000, 0.00000, 0.00000, 0.00000, 0.00000, 0.00000,
 0.00000, 0.00000, 0.00000, 0.00000, 0.00000, 0.00000, 0.00000,57.29578, 0.00000, 0.00000, 0.00000, 0.00000, 0.00000, 0.00000, 0.00000, 0.00000, 0.00000, 0.00000,
 0.00000, 0.00000, 0.00000, 0.00000, 0.00000, 0.00000, 0.00000, 0.00000,57.29578, 0.00000, 0.00000, 0.00000, 0.00000, 0.00000, 0.00000, 0.00000, 0.00000, 0.00000,
 0.00000, 0.00000, 0.00000, 0.00000, 0.00000, 0.00000, 0.00000, 0.00000, 0.00000,57.29578, 0.00000, 0.00000, 0.00000, 0.00000, 0.00000, 0.00000, 0.00000, 0.00000,
 0.00000, 0.00000, 0.00000, 0.00000, 0.00000, 0.00000, 0.00000, 0.00000, 0.00000, 0.00000,57.29578, 0.00000, 0.00000, 0.00000, 0.00000, 0.00000, 0.00000, 0.00000,
 0.00000, 0.00000, 0.00000, 0.00000, 0.00000, 0.00000, 0.00000, 0.00000, 0.00000, 0.00000, 0.00000,57.29578, 0.00000, 0.00000, 0.00000, 0.00000, 0.00000, 0.00000,
 0.00000, 0.00000,-0.00000, 0.00000, 0.00012, 0.00000, 0.00010, 0.72987, 0.00000, 0.00000, 0.04349, 0.00000, 0.00005, 0.00240, 0.00000, 0.00000, 0.00000, 0.00000,
 0.00000, 0.00000, 0.00000,-0.00012, 0.00000, 0.00000,-0.00000, 0.00000,-2.01110, 0.01266, 0.00000, 0.06320, 0.00000, 0.00000, 0.00171, 0.00503, 0.00000, 0.00000,
 0.00000, 0.00000,-0.00003, 0.00000,-0.00002, 0.00000, 0.00495, 6.33495, 0.00000, 0.00000, 0.77701, 0.00000, 0.00000, 0.01334, 0.00000, 0.00000, 0.00000, 0.00000,
 0.00000, 0.00000, 0.00000, 0.00000, 0.00000, 0.00000, 0.00095, 0.00000, 0.00000, 0.00000, 0.00000, 0.00000, 0.00000, 0.00000, 0.00000, 0.00000, 0.00000, 0.00000,
 0.00000, 0.00000,-0.00390, 0.00000, 0.00000, 0.00000, 0.59942, 0.00000, 0.00000, 0.00000, 0.00000, 0.00000, 0.00000, 0.00000, 0.00000, 0.00000, 0.00000, 0.00000,
 0.00000, 0.00000,-0.04820, 0.00000, 0.00000, 0.00000, 0.00000, 0.00000, 0.00000, 0.00000, 0.00000, 0.00000, 0.00000, 0.00000, 0.00000, 0.00000, 0.00000, 0.00000,


D_lo = 
 0.00000, 0.00000, 0.00000, 0.00000,
 0.00000, 0.00000, 0.00000, 0.00000,
 0.00000, 0.00000, 0.00000, 0.00000,
 0.00000, 0.00000, 0.00000, 0.00000,
 0.00000, 0.00000, 0.00000, 0.00000,
 0.00000, 0.00000, 0.00000, 0.00000,
 0.00000, 0.00000, 0.00000, 0.00000,
 0.00000, 0.00000, 0.00000, 0.00000,
 0.00000, 0.00000, 0.00000, 0.00000,
 0.00000, 0.00000, 0.00000, 0.00000,
 0.00000, 0.00000, 0.00000, 0.00000,
 0.00000, 0.00000, 0.00000, 0.00000,
 0.00000, 0.00000, 0.00000, 0.00000,
 0.00000, 0.00000, 0.00000, 0.00000,
 0.00000, 0.00000, 0.00000, 0.00000,
 0.00000, 0.00000, 0.00000, 0.00000,
 0.00000, 0.00000, 0.00000, 0.00000,
 0.00000, 0.00000, 0.00000, 0.00000,


