A_hi = 
 0.00000, 0.00000, 0.00000, 0.00000, 0.00000, 0.00000, 1.00000,-0.00000, 0.00000, 0.00000, 0.00000, 0.00000, 0.00000, 0.00000, 0.00000, 0.00000, 0.00000, 0.00000,
 0.00000, 0.00000, 0.00000,11.34800, 0.00000,1312.00000, 0.00000, 0.00000,1312.00000, 0.00000, 0.00000, 0.00000, 0.00000, 0.00000, 0.00000, 0.00000, 0.00000, 0.00000,
 0.00000, 0.00000, 0.00000, 0.00000,1312.00000, 0.00000, 0.00000,-1312.00000, 0.00000, 0.00000, 0.00000, 0.00000, 0.00000, 0.00000, 0.00000, 0.00000, 0.00000, 0.00000,
 0.00000, 0.00000, 0.00000, 0.00000, 0.00000, 0.00000, 0.00000, 0.00000, 0.00000, 1.00000, 0.00000,-0.00865, 0.00000, 0.00000, 0.00000, 0.00000, 0.00000, 0.00000,
 0.00000, 0.00000, 0.00000, 0.00000, 0.00000, 0.00000, 0.00000, 0.00000, 0.00000, 0.00000, 1.00000, 0.00000, 0.00000, 0.00000, 0.00000, 0.00000, 0.00000, 0.00000,
 0.00000, 0.00000, 0.00000, 0.00000, 0.00000, 0.00000, 0.00000, 0.00000, 0.00000, 0.00000, 0.00000, 1.00004, 0.00000, 0.00000, 0.00000, 0.00000, 0.00000, 0.00000,
 0.00000, 0.00000, 0.00040, 0.00000,-32.17000, 0.00000,-0.01868,14.43079, 0.68704, 0.00000, 1.24445, 0.00000, 0.00157, 0.77548, 0.00000, 0.00000,-0.74973, 0.00000,
 0.00000, 0.00000, 0.00000, 0.00000,-0.00000, 0.00000,-0.00004,-1.75200,-0.01115, 0.00000, 0.94358, 0.00000, 0.00000,-0.00384, 0.00000, 0.00000, 0.00126, 0.00000,
 0.00000, 0.00000, 0.00000, 0.02452, 0.00000, 0.00000,-0.00000,-0.00515,-0.47296,-0.00958, 0.00000,-0.99555, 0.00000, 0.00000, 0.00043, 0.00126,-0.00006, 0.00000,
 0.00000, 0.00000,-0.00000, 0.00000, 0.00000, 0.00000, 0.00000, 5.26046,-84.85222,-5.82449, 0.00000, 0.65611, 0.00000,-0.00446,-2.78744, 0.54394, 0.00616, 0.00000,
 0.00000, 0.00000, 0.00000, 0.00000, 0.00000, 0.00000,-0.00000,-2.47093, 0.17355, 0.00000,-2.01915, 0.00000, 0.00000,-0.78777, 0.00000, 0.00000,-0.08931, 0.00000,
 0.00000, 0.00000, 0.00000, 0.00000, 0.00000, 0.00000,-0.00000, 0.05086,34.36027, 0.02339, 0.00000,-0.77746, 0.00000, 0.00654,-0.12867,-0.26504, 0.00522, 0.00000,
 0.00000, 0.00000, 0.00000, 0.00000, 0.00000, 0.00000, 0.00000, 0.00000, 0.00000, 0.00000, 0.00000, 0.00000,-1.00000, 0.00000, 0.00000, 0.00000, 0.00000, 0.00000,
 0.00000, 0.00000, 0.00000, 0.00000, 0.00000, 0.00000, 0.00000, 0.00000, 0.00000, 0.00000, 0.00000, 0.00000, 0.00000,-20.20000, 0.00000, 0.00000, 0.00000, 0.00000,
 0.00000, 0.00000, 0.00000, 0.00000, 0.00000, 0.00000, 0.00000, 0.00000, 0.00000, 0.00000, 0.00000, 0.00000, 0.00000, 0.00000,-20.20000, 0.00000, 0.00000, 0.00000,
 0.00000, 0.00000, 0.00000, 0.00000, 0.00000, 0.00000, 0.00000, 0.00000, 0.00000, 0.00000, 0.00000, 0.00000, 0.00000, 0.00000, 0.00000,-20.20000, 0.00000, 0.00000,
 0.00000, 0.00000,-0.00058, 0.00000, 0.00000, 0.00000,-0.11087,1162.76729, 0.00000, 0.00000, 0.00000, 0.00000, 0.00000, 0.00000, 0.00000, 0.00000,-7.35294,10.14706,
 0.00000, 0.00000, 0.00000, 0.00000, 0.00000, 0.00000, 0.00000,-415.39440, 0.00000, 0.00000, 0.00000, 0.00000, 0.00000, 0.00000, 0.00000, 0.00000, 0.00000,-7.25000,


B_hi = 
 0.00000, 0.00000, 0.00000, 0.00000,
 0.00000, 0.00000, 0.00000, 0.00000,
 0.00000, 0.00000, 0.00000, 0.00000,
 0.00000, 0.00000, 0.00000, 0.00000,
 0.00000, 0.00000, 0.00000, 0.00000,
 0.00000, 0.00000, 0.00000, 0.00000,
 0.00000, 0.00000, 0.00000, 0.00000,
 0.00000, 0.00000, 0.00000, 0.00000,
 0.00000, 0.00000, 0.00000, 0.00000,
 0.00000, 0.00000, 0.00000, 0.00000,
 0.00000, 0.00000, 0.00000, 0.00000,
 0.00000, 0.00000, 0.00000, 0.00000,
 1.00000, 0.00000, 0.00000, 0.00000,
 0.00000,20.20000, 0.00000, 0.00000,
 0.00000, 0.00000,20.20000, 0.00000,
 0.00000, 0.00000, 0.00000,20.20000,
 0.00000, 0.00000, 0.00000, 0.00000,
 0.00000, 0.00000, 0.00000, 0.00000,


C_hi = 
 1.00000, 0.00000, 0.00000, 0.00000, 0.00000, 0.00000, 0.00000, 0.00000, 0.00000, 0.00000, 0.00000, 0.00000, 0.00000, 0.00000, 0.00000, 0.00000, 0.00000, 0.00000,
 0.00000, 1.00000, 0.00000, 0.00000, 0.00000, 0.00000, 0.00000, 0.00000, 0.00000, 0.00000, 0.00000, 0.00000, 0.00000, 0.00000, 0.00000, 0.00000, 0.00000, 0.00000,
 0.00000, 0.00000, 1.00000, 0.00000, 0.00000, 0.00000, 0.00000, 0.00000, 0.00000, 0.00000, 0.00000, 0.00000, 0.00000, 0.00000, 0.00000, 0.00000, 0.00000, 0.00000,
 0.00000, 0.00000, 0.00000,57.29578, 0.00000, 0.00000, 0.00000, 0.00000, 0.00000, 0.00000, 0.00000, 0.00000, 0.00000, 0.00000, 0.00000, 0.00000, 0.00000, 0.00000,
 0.00000, 0.00000, 0.00000, 0.00000,57.29578, 0.00000, 0.00000, 0.00000, 0.00000, 0.00000, 0.00000, 0.00000, 0.00000, 0.00000, 0.00000, 0.00000, 0.00000, 0.00000,
 0.00000, 0.00000, 0.00000, 0.00000, 0.00000,57.29578, 0.00000, 0.00000, 0.00000, 0.00000, 0.00000, 0.00000, 0.00000, 0.00000, 0.00000, 0.00000, 0.00000, 0.00000,
 0.00000, 0.00000, 0.00000, 0.00000, 0.00000, 0.00000, 1.00000, 0.00000, 0.00000, 0.00000, 0.00000, 0.00000, 0.00000, 0.00000, 0.00000, 0.00000, 0.00000, 0.00000,
 0.00000, 0.00000, 0.00000, 0.00000, 0.00000, 0.00000, 0.00000,57.29578, 0.00000, 0.00000, 0.00000, 0.00000, 0.00000, 0.00000, 0.00000, 0.00000, 0.00000, 0.00000,
 0.00000, 0.00000, 0.00000, 0.00000, 0.00000, 0.00000, 0.00000, 0.00000,57.29578, 0.00000, 0.00000, 0.00000, 0.00000, 0.00000, 0.00000, 0.00000, 0.00000, 0.00000,
 0.00000, 0.00000, 0.00000, 0.00000, 0.00000, 0.00000, 0.00000, 0.00000, 0.00000,57.29578, 0.00000, 0.00000, 0.00000, 0.00000, 0.00000, 0.00000, 0.00000, 0.00000,
 0.00000, 0.00000, 0.00000, 0.00000, 0.00000, 0.00000, 0.00000, 0.00000, 0.00000, 0.00000,57.29578, 0.00000, 0.00000, 0.00000, 0.00000, 0.00000, 0.00000, 0.00000,
 0.00000, 0.00000, 0.00000, 0.00000, 0.00000, 0.00000, 0.00000, 0.00000, 0.00000, 0.00000, 0.00000,57.29578, 0.00000, 0.00000, 0.00000, 0.00000, 0.00000, 0.00000,
 0.00000, 0.00000, 0.00001, 0.00000, 0.00012, 0.00000,-0.00059,-0.16946, 0.02583, 0.00000, 0.01878, 0.00000, 0.00005, 0.02275, 0.00000, 0.00000,-0.02286, 0.00000,
 0.00000, 0.00000, 0.00000,-0.00012, 0.00000, 0.00000,-0.00001,-0.21016,-19.28658,-0.03778, 0.00000, 0.17977, 0.00000, 0.00000, 0.01764, 0.05138,-0.00225, 0.00000,
 0.00000, 0.00000,-0.00003, 0.00000, 0.00000, 0.00000, 0.00152,71.44459, 0.45499, 0.00000, 2.30087, 0.00000, 0.00000, 0.15694, 0.00000, 0.00000,-0.05153, 0.00000,
 0.00000, 0.00000, 0.00000, 0.00000, 0.00000, 0.00000, 0.00095, 0.00000, 0.00000, 0.00000, 0.00000, 0.00000, 0.00000, 0.00000, 0.00000, 0.00000, 0.00000, 0.00000,
 0.00000, 0.00000,-0.04053, 0.00000, 0.00000, 0.00000, 1.87808, 0.00000, 0.00000, 0.00000, 0.00000, 0.00000, 0.00000, 0.00000, 0.00000, 0.00000, 0.00000, 0.00000,
 0.00000, 0.00000,-0.04604, 0.00000, 0.00000, 0.00000, 0.00000, 0.00000, 0.00000, 0.00000, 0.00000, 0.00000, 0.00000, 0.00000, 0.00000, 0.00000, 0.00000, 0.00000,


D_hi = 
 0.00000, 0.00000, 0.00000, 0.00000,
 0.00000, 0.00000, 0.00000, 0.00000,
 0.00000, 0.00000, 0.00000, 0.00000,
 0.00000, 0.00000, 0.00000, 0.00000,
 0.00000, 0.00000, 0.00000, 0.00000,
 0.00000, 0.00000, 0.00000, 0.00000,
 0.00000, 0.00000, 0.00000, 0.00000,
 0.00000, 0.00000, 0.00000, 0.00000,
 0.00000, 0.00000, 0.00000, 0.00000,
 0.00000, 0.00000, 0.00000, 0.00000,
 0.00000, 0.00000, 0.00000, 0.00000,
 0.00000, 0.00000, 0.00000, 0.00000,
 0.00000, 0.00000, 0.00000, 0.00000,
 0.00000, 0.00000, 0.00000, 0.00000,
 0.00000, 0.00000, 0.00000, 0.00000,
 0.00000, 0.00000, 0.00000, 0.00000,
 0.00000, 0.00000, 0.00000, 0.00000,
 0.00000, 0.00000, 0.00000, 0.00000,


A_lo = 
 0.00000, 0.00000, 0.00000, 0.00000,-0.00000, 0.00000, 1.00000,-0.00000, 0.00000, 0.00000, 0.00000, 0.00000, 0.00000, 0.00000, 0.00000, 0.00000, 0.00000, 0.00000,
 0.00000, 0.00000, 0.00000,11.50636, 0.00000,1312.00000, 0.00000, 0.00000,1312.00000, 0.00000, 0.00000, 0.00000, 0.00000, 0.00000, 0.00000, 0.00000, 0.00000, 0.00000,
 0.00000, 0.00000, 0.00000, 0.00000,1312.00000, 0.00000, 0.00000,-1312.00000, 0.00000, 0.00000, 0.00000, 0.00000, 0.00000, 0.00000, 0.00000, 0.00000, 0.00000, 0.00000,
 0.00000, 0.00000, 0.00000, 0.00000, 0.00000, 0.00000, 0.00000, 0.00000, 0.00000, 1.00000, 0.00000,-0.00877, 0.00000, 0.00000, 0.00000, 0.00000, 0.00000, 0.00000,
 0.00000, 0.00000, 0.00000, 0.00000, 0.00000, 0.00000, 0.00000, 0.00000, 0.00000, 0.00000, 1.00000, 0.00000, 0.00000, 0.00000, 0.00000, 0.00000, 0.00000, 0.00000,
 0.00000, 0.00000, 0.00000, 0.00000, 0.00000, 0.00000, 0.00000, 0.00000, 0.00000, 0.00000, 0.00000, 1.00004, 0.00000, 0.00000, 0.00000, 0.00000, 0.00000, 0.00000,
 0.00000, 0.00000, 0.00043, 0.00000,-32.17000, 0.00000,-0.01994,12.48641,-0.00000, 0.00000, 1.34885, 0.00000, 0.00157, 0.95257, 0.00000, 0.00000, 0.00000, 0.00000,
 0.00000, 0.00000, 0.00000, 0.00000,-0.00000, 0.00000,-0.00004,-1.72826, 0.00000, 0.00000, 0.94546, 0.00000, 0.00000,-0.00336, 0.00000, 0.00000, 0.00000, 0.00000,
 0.00000, 0.00000, 0.00000, 0.02452, 0.00000, 0.00000,-0.00000, 0.00000,-0.50683,-0.00968, 0.00000,-0.99554, 0.00000, 0.00000, 0.00043, 0.00127, 0.00000, 0.00000,
 0.00000, 0.00000,-0.00000, 0.00000, 0.00000, 0.00000, 0.00000, 0.00000,-97.66039,-5.79913, 0.00000, 0.64102, 0.00000, 0.00000,-2.89320, 0.52501, 0.00000, 0.00000,
 0.00000, 0.00000, 0.00000, 0.00000, 0.00000, 0.00000,-0.00000,-3.35483, 0.00000, 0.00000,-2.00116, 0.00000, 0.00000,-0.74119, 0.00000, 0.00000, 0.00000, 0.00000,
 0.00000, 0.00000,-0.00000, 0.00000, 0.00000, 0.00000, 0.00000,-0.00000,38.72735, 0.02104, 0.00000,-0.77953, 0.00000, 0.00000,-0.19542,-0.30592, 0.00000, 0.00000,
 0.00000, 0.00000, 0.00000, 0.00000, 0.00000, 0.00000, 0.00000, 0.00000, 0.00000, 0.00000, 0.00000, 0.00000,-1.00000, 0.00000, 0.00000, 0.00000, 0.00000, 0.00000,
 0.00000, 0.00000, 0.00000, 0.00000, 0.00000, 0.00000, 0.00000, 0.00000, 0.00000, 0.00000, 0.00000, 0.00000, 0.00000,-20.20000, 0.00000, 0.00000, 0.00000, 0.00000,
 0.00000, 0.00000, 0.00000, 0.00000, 0.00000, 0.00000, 0.00000, 0.00000, 0.00000, 0.00000, 0.00000, 0.00000, 0.00000, 0.00000,-20.20000, 0.00000, 0.00000, 0.00000,
 0.00000, 0.00000, 0.00000, 0.00000, 0.00000, 0.00000, 0.00000, 0.00000, 0.00000, 0.00000, 0.00000, 0.00000, 0.00000, 0.00000, 0.00000,-20.20000, 0.00000, 0.00000,
 0.00000, 0.00000,-0.00058, 0.00000, 0.00000, 0.00000,-0.11087,1162.76729, 0.00000, 0.00000, 0.00000, 0.00000, 0.00000, 0.00000, 0.00000, 0.00000,-7.35294,10.14706,
 0.00000, 0.00000, 0.00000, 0.00000, 0.00000, 0.00000, 0.00000,-415.39440, 0.00000, 0.00000, 0.00000, 0.00000, 0.00000, 0.00000, 0.00000, 0.00000, 0.00000,-7.25000,


B_lo = 
 0.00000, 0.00000, 0.00000, 0.00000,
 0.00000, 0.00000, 0.00000, 0.00000,
 0.00000, 0.00000, 0.00000, 0.00000,
 0.00000, 0.00000, 0.00000, 0.00000,
 0.00000, 0.00000, 0.00000, 0.00000,
 0.00000, 0.00000, 0.00000, 0.00000,
 0.00000, 0.00000, 0.00000, 0.00000,
 0.00000, 0.00000, 0.00000, 0.00000,
 0.00000, 0.00000, 0.00000, 0.00000,
 0.00000, 0.00000, 0.00000, 0.00000,
 0.00000, 0.00000, 0.00000, 0.00000,
 0.00000, 0.00000, 0.00000, 0.00000,
 1.00000, 0.00000, 0.00000, 0.00000,
 0.00000,20.20000, 0.00000, 0.00000,
 0.00000, 0.00000,20.20000, 0.00000,
 0.00000, 0.00000, 0.00000,20.20000,
 0.00000, 0.00000, 0.00000, 0.00000,
 0.00000, 0.00000, 0.00000, 0.00000,


C_lo = 
 1.00000, 0.00000, 0.00000, 0.00000, 0.00000, 0.00000, 0.00000, 0.00000, 0.00000, 0.00000, 0.00000, 0.00000, 0.00000, 0.00000, 0.00000, 0.00000, 0.00000, 0.00000,
 0.00000, 1.00000, 0.00000, 0.00000, 0.00000, 0.00000, 0.00000, 0.00000, 0.00000, 0.00000, 0.00000, 0.00000, 0.00000, 0.00000, 0.00000, 0.00000, 0.00000, 0.00000,
 0.00000, 0.00000, 1.00000, 0.00000, 0.00000, 0.00000, 0.00000, 0.00000, 0.00000, 0.00000, 0.00000, 0.00000, 0.00000, 0.00000, 0.00000, 0.00000, 0.00000, 0.00000,
 0.00000, 0.00000, 0.00000,57.29578, 0.00000, 0.00000, 0.00000, 0.00000, 0.00000, 0.00000, 0.00000, 0.00000, 0.00000, 0.00000, 0.00000, 0.00000, 0.00000, 0.00000,
 0.00000, 0.00000, 0.00000, 0.00000,57.29578, 0.00000, 0.00000, 0.00000, 0.00000, 0.00000, 0.00000, 0.00000, 0.00000, 0.00000, 0.00000, 0.00000, 0.00000, 0.00000,
 0.00000, 0.00000, 0.00000, 0.00000, 0.00000,57.29578, 0.00000, 0.00000, 0.00000, 0.00000, 0.00000, 0.00000, 0.00000, 0.00000, 0.00000, 0.00000, 0.00000, 0.00000,
 0.00000, 0.00000, 0.00000, 0.00000, 0.00000, 0.00000, 1.00000, 0.00000, 0.00000, 0.00000, 0.00000, 0.00000, 0.00000, 0.00000, 0.00000, 0.00000, 0.00000, 0.00000,
 0.00000, 0.00000, 0.00000, 0.00000, 0.00000, 0.00000, 0.00000,57.29578, 0.00000, 0.00000, 0.00000, 0.00000, 0.00000, 0.00000, 0.00000, 0.00000, 0.00000, 0.00000,
 0.00000, 0.00000, 0.00000, 0.00000, 0.00000, 0.00000, 0.00000, 0.00000,57.29578, 0.00000, 0.00000, 0.00000, 0.00000, 0.00000, 0.00000, 0.00000, 0.00000, 0.00000,
 0.00000, 0.00000, 0.00000, 0.00000, 0.00000, 0.00000, 0.00000, 0.00000, 0.00000,57.29578, 0.00000, 0.00000, 0.00000, 0.00000, 0.00000, 0.00000, 0.00000, 0.00000,
 0.00000, 0.00000, 0.00000, 0.00000, 0.00000, 0.00000, 0.00000, 0.00000, 0.00000, 0.00000,57.29578, 0.00000, 0.00000, 0.00000, 0.00000, 0.00000, 0.00000, 0.00000,
 0.00000, 0.00000, 0.00000, 0.00000, 0.00000, 0.00000, 0.00000, 0.00000, 0.00000, 0.00000, 0.00000,57.29578, 0.00000, 0.00000, 0.00000, 0.00000, 0.00000, 0.00000,
 0.00000, 0.00000, 0.00001, 0.00000, 0.00012, 0.00000,-0.00063,-0.23000, 0.00000, 0.00000, 0.02242, 0.00000, 0.00005, 0.02841, 0.00000, 0.00000, 0.00000, 0.00000,
 0.00000, 0.00000, 0.00000,-0.00012, 0.00000, 0.00000,-0.00000, 0.00000,-20.66755,-0.03711, 0.00000, 0.18014, 0.00000, 0.00000, 0.01762, 0.05170, 0.00000, 0.00000,
 0.00000, 0.00000,-0.00003, 0.00000, 0.00000, 0.00000, 0.00152,70.47634, 0.00000, 0.00000, 2.22438, 0.00000, 0.00000, 0.13707, 0.00000, 0.00000, 0.00000, 0.00000,
 0.00000, 0.00000, 0.00000, 0.00000, 0.00000, 0.00000, 0.00095, 0.00000, 0.00000, 0.00000, 0.00000, 0.00000, 0.00000, 0.00000, 0.00000, 0.00000, 0.00000, 0.00000,
 0.00000, 0.00000,-0.04053, 0.00000, 0.00000, 0.00000, 1.87808, 0.00000, 0.00000, 0.00000, 0.00000, 0.00000, 0.00000, 0.00000, 0.00000, 0.00000, 0.00000, 0.00000,
 0.00000, 0.00000,-0.04604, 0.00000, 0.00000, 0.00000, 0.00000, 0.00000, 0.00000, 0.00000, 0.00000, 0.00000, 0.00000, 0.00000, 0.00000, 0.00000, 0.00000, 0.00000,


D_lo = 
 0.00000, 0.00000, 0.00000, 0.00000,
 0.00000, 0.00000, 0.00000, 0.00000,
 0.00000, 0.00000, 0.00000, 0.00000,
 0.00000, 0.00000, 0.00000, 0.00000,
 0.00000, 0.00000, 0.00000, 0.00000,
 0.00000, 0.00000, 0.00000, 0.00000,
 0.00000, 0.00000, 0.00000, 0.00000,
 0.00000, 0.00000, 0.00000, 0.00000,
 0.00000, 0.00000, 0.00000, 0.00000,
 0.00000, 0.00000, 0.00000, 0.00000,
 0.00000, 0.00000, 0.00000, 0.00000,
 0.00000, 0.00000, 0.00000, 0.00000,
 0.00000, 0.00000, 0.00000, 0.00000,
 0.00000, 0.00000, 0.00000, 0.00000,
 0.00000, 0.00000, 0.00000, 0.00000,
 0.00000, 0.00000, 0.00000, 0.00000,
 0.00000, 0.00000, 0.00000, 0.00000,
 0.00000, 0.00000, 0.00000, 0.00000,


